[Results] 
model_name = 25 
seed = 1234 
n_pairs = 10000 
n_points = 50000 
batch_size = 10000 
function = f0 
psi = -2.4 
k = 1 
n_parameters = 25 
loss function = weighted_MAPE 

n_epochs = 200 
train_time = 126.942 
sigma_train = 0.360846 
sigma_test = 0.363489 
delta_sigma_train = 0.0015504 
delta_sigma_test = 0.00156781 
E_train = 0.250416 
E_test = 0.254954 
delta_E_train = 0.0015504 
delta_E_test = 0.00156781 
sigma_max_train = 4.24392 
sigma_max_test = 4.39989 
