[Results] 
model_name = 200_1_seed1234 
seed = 1234 
psi = 0.5 
n_pairs = 100000 
n_points = 500000 
batch_size = 10000 
layers = 200_1 
n_parameters = 5200 
loss function = weighted_MAPE 
grad_clipping = False 

n_epochs = 210 
train_time = 7989.21 
sigma_train = 1.99633 
sigma_test = 1.99765 
delta_sigma_train = 0.129081 
delta_sigma_test = 0.136918 
E_train = 7321.24 
E_test = 8725.45 
delta_E_train = 0.129081 
delta_E_test = 0.136918 
E_max_train = 25742.9 
E_max_test = 26141 
