[Results] 
model_name = 3 
seed = 1234 
n_pairs = 10000 
n_points = 50000 
batch_size = 10000 
function = f0 
psi = 5.0 
k = 3 
n_parameters = 1225 
loss function = weighted_MAPE 

n_epochs = 200 
train_time = 410.112 
sigma_train = 0.0815115 
sigma_test = 0.0862004 
delta_sigma_train = 0.000322769 
delta_sigma_test = 0.000329927 
E_train = 0.0118542 
E_test = 0.0128722 
delta_E_train = 9.6112e-05 
delta_E_test = 0.000103041 
sigma_max_train = 0.54897 
sigma_max_test = 0.547037 
