[Results] 
model_name = 2 
seed = 1234 
n_pairs = 10000 
n_points = 50000 
batch_size = 10000 
function = f1 
psi = 0.0 
phi = 3.0 
k = 2 
n_parameters = 225 
loss function = weighted_MAPE 

n_epochs = 200 
train_time = 174.387 
sigma_train = 0.135514 
sigma_test = 0.135574 
delta_sigma_train = 0.000703627 
delta_sigma_test = 0.000707018 
E_train = 0.0431165 
E_test = 0.0433708 
delta_E_train = 0.00101134 
delta_E_test = 0.00101685 
sigma_max_train = 2.92286 
sigma_max_test = 2.93448 
