[Results] 
model_name = 100_200_500_seed320 
seed = 320 
psi = -3 
n_pairs = 100000 
n_points = 500000 
batch_size = 10000 
layers = 100_200_500 

n_epochs = 91 
train_time = 1070.814971 
sigma_train = 0.012244 
sigma_test = 0.012749 
delta_sigma_train = 0.000017 
delta_sigma_test = 0.000018 
