[Results] 
model_name = 100_1000_100_1_seed1234 
seed = 1234 
psi = -4.0 
n_pairs = 100000 
n_points = 500000 
batch_size = 10000 
layers = 100_1000_100_1 
loss function = weighted_MAPE 

n_epochs = 321 
train_time = 6264.01 
sigma_train = 0.0157368 
sigma_test = 0.0161181 
delta_sigma_train = 2.79055e-05 
delta_sigma_test = 2.89901e-05 
E_train = 0.000636987 
E_test = 0.000679951 
delta_E_train = 2.79055e-05 
delta_E_test = 2.89901e-05 
E_max_train = 0.321182 
E_max_test = 0.366991 
