[Results] 
model_name = 100_1000_100_1_seed1234 
seed = 1234 
psi = -4.0 
n_pairs = 100000 
n_points = 500000 
batch_size = 10000 
layers = 100_1000_100_1 
loss function = weighted_MAPE 

n_epochs = 321 
train_time = 6264.01 
sigma_train = 0.0157358 
sigma_test = 0.0161167 
delta_sigma_train = 2.79056e-05 
delta_sigma_test = 2.8988e-05 
E_train = 0.000636918 
E_test = 0.00067992 
delta_E_train = 2.79056e-05 
delta_E_test = 2.8988e-05 
E_max_train = 0.0282984 
E_max_test = 0.027517 
