[Results] 
model_name = 50_100_200_seed235 
seed = 235 
psi = -5 
n_pairs = 100000 
n_points = 500000 
batch_size = 1000 
layers = 50_100_200 

n_epochs = 401 
train_time = 11469.000570 
sigma_train = 0.023836 
sigma_test = 0.024950 
delta_sigma_train = 0.000053 
delta_sigma_test = 0.000059 
