[Results] 
model_name = 100_500_100_1_seed1729 
seed = 1729 
psi = -0.5 
phi = 4.0 
n_pairs = 100000 
n_points = 500000 
batch_size = 10000 
layers = 100_500_100_1 
loss function = weighted_MSE 

n_epochs = 11 
train_time = 138.194 
sigma_train = 0.848304 
sigma_test = 0.846211 
delta_sigma_train = 0.00148624 
delta_sigma_test = 0.00148214 
E_train = 1.8245 
E_test = 1.81476 
delta_E_train = 0.00148624 
delta_E_test = 0.00148214 
E_max_train = 27.8093 
E_max_test = 28.145 
