[Results] 
model_name = 3 
seed = 1234 
n_pairs = 10000 
n_points = 50000 
batch_size = 10000 
function = f1 
psi = -3.0 
phi = 1.6 
k = 3 
n_parameters = 1225 
loss function = weighted_MAPE 

n_epochs = 200 
train_time = 400.122 
sigma_train = 0.0943378 
sigma_test = 0.09647 
delta_sigma_train = 0.000502622 
delta_sigma_test = 0.000479585 
E_train = 0.0215363 
E_test = 0.0208044 
delta_E_train = 0.000284907 
delta_E_test = 0.000245261 
sigma_max_train = 0.972221 
sigma_max_test = 1.02875 
