[Results] 
model_name = 25 
seed = 1234 
n_pairs = 10000 
n_points = 50000 
batch_size = 10000 
function = f1 
psi = 0.0 
phi = 0.4 
k = 1 
n_parameters = 25 
loss function = weighted_MAPE 

n_epochs = 200 
train_time = 130.415 
sigma_train = 0.374562 
sigma_test = 0.376976 
delta_sigma_train = 0.00161394 
delta_sigma_test = 0.00163017 
E_train = 0.270569 
E_test = 0.274963 
delta_E_train = 0.00353408 
delta_E_test = 0.00358758 
sigma_max_train = 4.47368 
sigma_max_test = 4.70277 
