[Results] 
model_name = 2 
seed = 1234 
n_pairs = 10000 
n_points = 50000 
batch_size = 10000 
function = f2 
psi = -2.0 
alpha = 1.2 
k = 2 
n_parameters = 225 
loss function = weighted_MAPE 

n_epochs = 200 
train_time = 182.953 
sigma_train = 0.160859 
sigma_test = 0.16188 
delta_sigma_train = 0.000580481 
delta_sigma_test = 0.000585763 
E_train = 0.0427244 
E_test = 0.0433614 
delta_E_train = 0.000296582 
delta_E_test = 0.000305848 
sigma_max_train = 0.992277 
sigma_max_test = 0.931035 
