[Results] 
model_name = 3 
seed = 1234 
n_pairs = 10000 
n_points = 50000 
batch_size = 10000 
function = f2 
psi = -2.0 
alpha = 1.2 
k = 3 
n_parameters = 1225 
loss function = weighted_MAPE 

n_epochs = 200 
train_time = 402.502 
sigma_train = 0.0766698 
sigma_test = 0.0810356 
delta_sigma_train = 0.0003294 
delta_sigma_test = 0.000340211 
E_train = 0.0113006 
E_test = 0.0123531 
delta_E_train = 0.000117027 
delta_E_test = 0.000125346 
sigma_max_train = 0.729532 
sigma_max_test = 0.656585 
