[Results] 
model_name = 2 
seed = 1234 
n_pairs = 10000 
n_points = 50000 
batch_size = 10000 
function = f1 
psi = 0.0 
phi = 0.4 
k = 2 
n_parameters = 225 
loss function = weighted_MAPE 

n_epochs = 200 
train_time = 175.284 
sigma_train = 0.0571035 
sigma_test = 0.0577122 
delta_sigma_train = 0.000197838 
delta_sigma_test = 0.000197369 
E_train = 0.00521792 
E_test = 0.00527874 
delta_E_train = 3.63122e-05 
delta_E_test = 3.64481e-05 
sigma_max_train = 0.444919 
sigma_max_test = 0.471345 
