[Results] 
model_name = 3 
seed = 1234 
n_pairs = 10000 
n_points = 50000 
batch_size = 10000 
function = f1 
psi = 0.0 
phi = 0.4 
k = 3 
n_parameters = 1225 
loss function = weighted_MAPE 

n_epochs = 200 
train_time = 414.799 
sigma_train = 0.0265757 
sigma_test = 0.0281362 
delta_sigma_train = 0.000129025 
delta_sigma_test = 0.000130324 
E_train = 0.00153854 
E_test = 0.00164093 
delta_E_train = 2.42103e-05 
delta_E_test = 2.46454e-05 
sigma_max_train = 0.369453 
sigma_max_test = 0.401157 
