[Results] 
model_name = k2 
seed = 1234 
n_pairs = 2000 
n_points = 10000 
batch_size = 10000 
function = f2 
psi = 3.0 
alpha = 1.6 
k = 2 
n_parameters = 225 
loss function = weighted_MSE 

n_epochs = 666 
train_time = 10.0223 
sigma_train = 0.177218 
sigma_test = 0.189739 
delta_sigma_train = 0.00138717 
delta_sigma_test = 0.00151445 
E_train = 0.0506486 
E_test = 0.0589365 
delta_E_train = 0.000758816 
delta_E_test = 0.000898079 
sigma_max_train = 0.909907 
sigma_max_test = 1.08234 
