[Results] 
model_name = 100_200_500_seed320 
seed = 320 
psi = -6 
n_pairs = 100000 
n_points = 500000 
batch_size = 10000 
layers = 100_200_500 

n_epochs = 101 
train_time = 1215.989247 
sigma_train = 0.017023 
sigma_test = 0.018071 
delta_sigma_train = 0.000033 
delta_sigma_test = 0.000036 
