[Results] 
model_name = 2 
seed = 1234 
n_pairs = 10000 
n_points = 50000 
batch_size = 10000 
function = f2 
psi = 3.0 
alpha = 0.8 
k = 2 
n_parameters = 225 
loss function = weighted_MAPE 

n_epochs = 200 
train_time = 176.598 
sigma_train = 0.138752 
sigma_test = 0.139323 
delta_sigma_train = 0.000505858 
delta_sigma_test = 0.000501803 
E_train = 0.0320489 
E_test = 0.0319981 
delta_E_train = 0.000229983 
delta_E_test = 0.000227654 
sigma_max_train = 0.875464 
sigma_max_test = 0.78185 
