[Results] 
model_name = 3 
seed = 1234 
n_pairs = 10000 
n_points = 50000 
batch_size = 10000 
function = f2 
psi = 3.0 
alpha = 0.8 
k = 3 
n_parameters = 1225 
loss function = weighted_MAPE 

n_epochs = 200 
train_time = 400.327 
sigma_train = 0.0719944 
sigma_test = 0.073762 
delta_sigma_train = 0.000312679 
delta_sigma_test = 0.000309823 
E_train = 0.0100741 
E_test = 0.0102413 
delta_E_train = 0.000107634 
delta_E_test = 0.000104645 
sigma_max_train = 0.678635 
sigma_max_test = 0.576797 
