[Results] 
model_name = 25 
seed = 1234 
n_pairs = 10000 
n_points = 50000 
batch_size = 10000 
function = f2 
psi = 3.0 
alpha = 2.4 
k = 1 
n_parameters = 25 
loss function = weighted_MAPE 

n_epochs = 200 
train_time = 183.751 
sigma_train = 0.393719 
sigma_test = 0.393678 
delta_sigma_train = 0.00142183 
delta_sigma_test = 0.0014286 
E_train = 0.256084 
E_test = 0.257046 
delta_E_train = 0.0021612 
delta_E_test = 0.00223322 
sigma_max_train = 3.53457 
sigma_max_test = 3.65559 
