[Results] 
model_name = 25 
seed = 1234 
n_pairs = 10000 
n_points = 50000 
batch_size = 10000 
function = f1 
psi = 1.0 
phi = 2.0 
k = 1 
n_parameters = 25 
loss function = weighted_MAPE 

n_epochs = 50 
train_time = 34.9686 
sigma_train = 0.584647 
sigma_test = 0.582468 
delta_sigma_train = 0.00321172 
delta_sigma_test = 0.00318285 
E_train = 0.857397 
E_test = 0.845789 
delta_E_train = 0.00321172 
delta_E_test = 0.00318285 
sigma_max_train = 28.6091 
sigma_max_test = 30.8219 
