[Results] 
model_name = 50_100_200_seed1234 
seed = 1234 
psi = 0.01 
n_pairs = 100000 
n_points = 500000 
batch_size = 1000 
layers = 50_100_200 

n_epochs = 51 
train_time = 1448.039062 
sigma_train = 0.003587 
sigma_test = 0.003586 
delta_sigma_train = 0.000004 
delta_sigma_test = 0.000004 
