[Results] 
model_name = 2 
seed = 1234 
n_pairs = 10000 
n_points = 50000 
batch_size = 10000 
function = f2 
psi = -1.0 
alpha = 1.6 
k = 2 
n_parameters = 225 
loss function = weighted_MAPE 

n_epochs = 200 
train_time = 181.56 
sigma_train = 0.174707 
sigma_test = 0.174094 
delta_sigma_train = 0.000633014 
delta_sigma_test = 0.000628177 
E_train = 0.0505658 
E_test = 0.0500347 
delta_E_train = 0.000355101 
delta_E_test = 0.000347774 
sigma_max_train = 0.990371 
sigma_max_test = 1.04481 
