[Results] 
model_name = 3 
seed = 1234 
n_pairs = 10000 
n_points = 50000 
batch_size = 10000 
function = f2 
psi = -1.0 
alpha = 1.6 
k = 3 
n_parameters = 1225 
loss function = weighted_MAPE 

n_epochs = 200 
train_time = 414.364 
sigma_train = 0.0823322 
sigma_test = 0.0851109 
delta_sigma_train = 0.000357362 
delta_sigma_test = 0.000346602 
E_train = 0.0131605 
E_test = 0.0132492 
delta_E_train = 0.000141394 
delta_E_test = 0.000122948 
sigma_max_train = 0.70907 
sigma_max_test = 0.622366 
