[Results] 
model_name = 2 
seed = 1234 
n_pairs = 10000 
n_points = 50000 
batch_size = 10000 
function = f1 
psi = -3.0 
phi = 2.8 
k = 2 
n_parameters = 225 
loss function = weighted_MAPE 

n_epochs = 200 
train_time = 173.59 
sigma_train = 0.175317 
sigma_test = 0.175692 
delta_sigma_train = 0.000837349 
delta_sigma_test = 0.000847901 
E_train = 0.0658097 
E_test = 0.0668217 
delta_E_train = 0.00126698 
delta_E_test = 0.0012864 
sigma_max_train = 3.26627 
sigma_max_test = 3.29177 
