[Results] 
model_name = 100_500_100_1_seed1234 
seed = 1234 
psi = -5.5 
n_pairs = 100000 
n_points = 500000 
batch_size = 10000 
layers = 100_500_100_1 
loss function = weighted_MAPE 

n_epochs = 361 
train_time = 6786.77 
sigma_train = 0.0269291 
sigma_test = 0.027914 
delta_sigma_train = 4.77125e-05 
delta_sigma_test = 5.10717e-05 
E_train = 0.0018636 
E_test = 0.00208359 
delta_E_train = 4.77125e-05 
delta_E_test = 5.10717e-05 
E_max_train = 0.121073 
E_max_test = 0.123587 
