[Results] 
model_name = 25 
seed = 1234 
n_pairs = 10000 
n_points = 50000 
batch_size = 10000 
function = f1 
psi = 1.0 
phi = 2.8 
k = 1 
n_parameters = 25 
loss function = weighted_MAPE 

n_epochs = 200 
train_time = 137.391 
sigma_train = 0.358384 
sigma_test = 0.357322 
delta_sigma_train = 0.0015011 
delta_sigma_test = 0.00149666 
E_train = 0.241136 
E_test = 0.239585 
delta_E_train = 0.00285688 
delta_E_test = 0.0028755 
sigma_max_train = 4.28967 
sigma_max_test = 4.58408 
