[Results] 
model_name = 100_500_100_1_seed472 
seed = 472 
psi = -15.0 
n_pairs = 100000 
n_points = 500000 
batch_size = 10000 
layers = 100_500_100_1 
loss function = weighted_MAPE 

n_epochs = 31 
train_time = 919.226 
sigma_train = 0.478878 
sigma_test = 0.47957 
delta_sigma_train = 0.000616733 
delta_sigma_test = 0.000620832 
E_train = 0.419486 
E_test = 0.422759 
delta_E_train = 0.000616733 
delta_E_test = 0.000620832 
E_max_train = 6.90282 
E_max_test = 8.40888 
