[Results] 
model_name = 25 
seed = 1234 
n_pairs = 10000 
n_points = 50000 
batch_size = 10000 
function = f2 
psi = -3.0 
alpha = 1.2 
k = 1 
n_parameters = 25 
loss function = weighted_MAPE 

n_epochs = 200 
train_time = 185.598 
sigma_train = 0.380467 
sigma_test = 0.384973 
delta_sigma_train = 0.00146092 
delta_sigma_test = 0.00147451 
E_train = 0.251455 
E_test = 0.256889 
delta_E_train = 0.00248543 
delta_E_test = 0.00253543 
sigma_max_train = 3.70599 
sigma_max_test = 4.24057 
