[Results] 
model_name = k2 
seed = 1234 
n_pairs = 2000 
n_points = 10000 
batch_size = 10000 
function = f1 
psi = 2.0 
phi = 2.0 
k = 2 
n_parameters = 225 
loss function = weighted_MSE 

n_epochs = 666 
train_time = 14.5762 
sigma_train = 0.0847349 
sigma_test = 0.0921956 
delta_sigma_train = 0.000678031 
delta_sigma_test = 0.00076778 
E_train = 0.0117773 
E_test = 0.0143949 
delta_E_train = 0.000180988 
delta_E_test = 0.000235692 
sigma_max_train = 0.433365 
sigma_max_test = 0.475431 
