[Results] 
model_name = k3 
seed = 1234 
n_pairs = 2000 
n_points = 10000 
batch_size = 10000 
function = f1 
psi = 2.0 
phi = 2.0 
k = 3 
n_parameters = 1225 
loss function = weighted_MSE 

n_epochs = 666 
train_time = 199.198 
sigma_train = 0.0551385 
sigma_test = 0.0776737 
delta_sigma_train = 0.000460051 
delta_sigma_test = 0.000681771 
E_train = 0.00515672 
E_test = 0.0106813 
delta_E_train = 8.82737e-05 
delta_E_test = 0.000184986 
sigma_max_train = 0.406755 
sigma_max_test = 0.456222 
