[Results] 
model_name = k4 
seed = 1234 
n_pairs = 2000 
n_points = 10000 
batch_size = 10000 
function = f1 
psi = 2.0 
phi = 2.0 
k = 4 
n_parameters = 4900 
loss function = weighted_MSE 

n_epochs = 666 
train_time = 1525.18 
sigma_train = 0.00678653 
sigma_test = 0.030123 
delta_sigma_train = 6.85127e-05 
delta_sigma_test = 0.000294295 
E_train = 9.29969e-05 
E_test = 0.00177349 
delta_E_train = 1.98148e-06 
delta_E_test = 3.97589e-05 
sigma_max_train = 0.070501 
sigma_max_test = 0.210377 
