[Results] 
model_name = 50_50_1 
seed = 1234 
n_pairs = 100000 
n_points = 500000 
batch_size = 5000 
function = f0 
psi = 10.0 
k = 4 
n_parameters = 3800 
loss function = weighted_MAPE 

n_epochs = 150 
train_time = 1692.13 
sigma_train = 0.0375658 
sigma_test = 0.037891 
delta_sigma_train = 4.24255e-05 
delta_sigma_test = 4.24981e-05 
E_train = 0.00231107 
E_test = 0.00233869 
delta_E_train = 5.10394e-06 
delta_E_test = 5.12191e-06 
sigma_max_train = 0.284986 
sigma_max_test = 0.241559 
