[Results] 
model_name = 3 
seed = 1234 
n_pairs = 10000 
n_points = 50000 
batch_size = 10000 
function = f1 
psi = -1.0 
phi = 2.4 
k = 3 
n_parameters = 1225 
loss function = weighted_MAPE 

n_epochs = 200 
train_time = 399.582 
sigma_train = 0.311113 
sigma_test = 0.371796 
delta_sigma_train = 0.00218667 
delta_sigma_test = 0.00243402 
E_train = 0.335906 
E_test = 0.434571 
delta_E_train = 0.00755612 
delta_E_test = 0.00910813 
sigma_max_train = 8.88585 
sigma_max_test = 9.49218 
