[Results] 
model_name = 100_500_100_1_seed235 
seed = 235 
psi = -3.0 
n_pairs = 100000 
n_points = 500000 
batch_size = 10000 
layers = 100_500_100_1 
loss function = weighted_MAPE 

n_epochs = 171 
train_time = 1954.83 
sigma_train = 0.0417558 
sigma_test = 0.0419356 
delta_sigma_train = 6.42558e-05 
delta_sigma_test = 6.44056e-05 
E_train = 0.00380793 
E_test = 0.00383261 
delta_E_train = 6.42558e-05 
delta_E_test = 6.44056e-05 
E_max_train = 0.415798 
E_max_test = 0.39352 
