[Results] 
model_name = 2 
seed = 1234 
n_pairs = 10000 
n_points = 50000 
batch_size = 10000 
function = f0 
psi = 2.4 
k = 2 
n_parameters = 225 
loss function = weighted_MAPE 

n_epochs = 200 
train_time = 174.713 
sigma_train = 0.0728418 
sigma_test = 0.0736687 
delta_sigma_train = 0.000269887 
delta_sigma_test = 0.000270346 
E_train = 0.00894875 
E_test = 0.00907956 
delta_E_train = 6.30544e-05 
delta_E_test = 6.46567e-05 
sigma_max_train = 0.450608 
sigma_max_test = 0.485431 
