[Results] 
model_name = 2 
seed = 1234 
n_pairs = 10000 
n_points = 50000 
batch_size = 10000 
function = f2 
psi = 1.0 
alpha = 0.8 
k = 2 
n_parameters = 225 
loss function = weighted_MAPE 

n_epochs = 200 
train_time = 171.789 
sigma_train = 0.134428 
sigma_test = 0.134852 
delta_sigma_train = 0.000487014 
delta_sigma_test = 0.000483173 
E_train = 0.0299353 
E_test = 0.0298625 
delta_E_train = 0.00021386 
delta_E_test = 0.000209962 
sigma_max_train = 0.789093 
sigma_max_test = 0.797049 
