[Results] 
model_name = 3 
seed = 1234 
n_pairs = 10000 
n_points = 50000 
batch_size = 10000 
function = f2 
psi = 1.0 
alpha = 0.8 
k = 3 
n_parameters = 1225 
loss function = weighted_MAPE 

n_epochs = 200 
train_time = 410.187 
sigma_train = 0.0607959 
sigma_test = 0.0620689 
delta_sigma_train = 0.000264908 
delta_sigma_test = 0.000257427 
E_train = 0.00720844 
E_test = 0.0071664 
delta_E_train = 8.2442e-05 
delta_E_test = 7.32967e-05 
sigma_max_train = 0.600641 
sigma_max_test = 0.536227 
