[Results] 
model_name = 25 
seed = 1234 
n_pairs = 10000 
n_points = 50000 
batch_size = 10000 
function = f2 
psi = 1.0 
alpha = 2.0 
k = 1 
n_parameters = 25 
loss function = weighted_MAPE 

n_epochs = 200 
train_time = 182.629 
sigma_train = 0.396289 
sigma_test = 0.395914 
delta_sigma_train = 0.00145094 
delta_sigma_test = 0.00146249 
E_train = 0.262273 
E_test = 0.263736 
delta_E_train = 0.00233049 
delta_E_test = 0.00240086 
sigma_max_train = 3.48707 
sigma_max_test = 3.81992 
