[Results] 
model_name = k3 
seed = 1234 
n_pairs = 2000 
n_points = 10000 
batch_size = 10000 
function = f1 
psi = 0.0 
phi = 2.8 
k = 3 
n_parameters = 1225 
loss function = weighted_MSE 

n_epochs = 666 
train_time = 444.034 
sigma_train = 0.022584 
sigma_test = 0.0382595 
delta_sigma_train = 0.00022599 
delta_sigma_test = 0.000331072 
E_train = 0.00102075 
E_test = 0.00255987 
delta_E_train = 2.99448e-05 
delta_E_test = 4.87473e-05 
sigma_max_train = 0.318816 
sigma_max_test = 0.360445 
