[Results] 
model_name = k4 
seed = 1234 
n_pairs = 2000 
n_points = 10000 
batch_size = 10000 
function = f1 
psi = 0.0 
phi = 2.8 
k = 4 
n_parameters = 4900 
loss function = weighted_MSE 

n_epochs = 666 
train_time = 1533.17 
sigma_train = 0.0145235 
sigma_test = 0.130494 
delta_sigma_train = 0.000177694 
delta_sigma_test = 0.00133798 
E_train = 0.000526682 
E_test = 0.0349306 
delta_E_train = 1.4859e-05 
delta_E_test = 0.000813212 
sigma_max_train = 0.224014 
sigma_max_test = 0.899712 
