[Results] 
model_name = 2 
seed = 1234 
n_pairs = 10000 
n_points = 50000 
batch_size = 10000 
function = f2 
psi = -2.0 
alpha = 1.6 
k = 2 
n_parameters = 225 
loss function = weighted_MAPE 

n_epochs = 200 
train_time = 180.707 
sigma_train = 0.172746 
sigma_test = 0.172996 
delta_sigma_train = 0.000621951 
delta_sigma_test = 0.000623065 
E_train = 0.0491801 
E_test = 0.049331 
delta_E_train = 0.000339795 
delta_E_test = 0.000342331 
sigma_max_train = 1.06893 
sigma_max_test = 1.13038 
