[Results] 
model_name = 25 
seed = 1234 
n_pairs = 10000 
n_points = 50000 
batch_size = 10000 
function = f0 
psi = -1.6 
k = 1 
n_parameters = 25 
loss function = weighted_MAPE 

n_epochs = 200 
train_time = 135.663 
sigma_train = 0.366458 
sigma_test = 0.368699 
delta_sigma_train = 0.00157936 
delta_sigma_test = 0.00159686 
E_train = 0.259099 
E_test = 0.263398 
delta_E_train = 0.00157936 
delta_E_test = 0.00159686 
sigma_max_train = 4.2645 
sigma_max_test = 4.51512 
