[Results] 
model_name = 100_500_100_1_seed1729 
seed = 1729 
psi = -0.5 
phi = 0.0 
n_pairs = 100000 
n_points = 500000 
batch_size = 10000 
layers = 100_500_100_1 
loss function = weighted_MAPE 

n_epochs = 351 
train_time = 6520.61 
sigma_train = 0.00841804 
sigma_test = 0.0084919 
delta_sigma_train = 1.11127e-05 
delta_sigma_test = 1.1169e-05 
E_train = 0.000132608 
E_test = 0.000134485 
delta_E_train = 1.11127e-05 
delta_E_test = 1.1169e-05 
E_max_train = 0.0623911 
E_max_test = 0.0610031 
