[Results] 
model_name = 2 
seed = 1234 
n_pairs = 10000 
n_points = 50000 
batch_size = 10000 
function = f1 
psi = 0.0 
phi = 2.0 
k = 2 
n_parameters = 225 
loss function = weighted_MAPE 

n_epochs = 200 
train_time = 183.337 
sigma_train = 0.107977 
sigma_test = 0.109542 
delta_sigma_train = 0.000654133 
delta_sigma_test = 0.000658595 
E_train = 0.0330505 
E_test = 0.0336816 
delta_E_train = 0.00091235 
delta_E_test = 0.000915801 
sigma_max_train = 2.7387 
sigma_max_test = 2.76271 
