[Results] 
model_name = 3 
seed = 1234 
n_pairs = 10000 
n_points = 50000 
batch_size = 10000 
function = f1 
psi = 0.0 
phi = 2.0 
k = 3 
n_parameters = 1225 
loss function = weighted_MAPE 

n_epochs = 200 
train_time = 418.239 
sigma_train = 0.109843 
sigma_test = 0.115557 
delta_sigma_train = 0.000749843 
delta_sigma_test = 0.000775131 
E_train = 0.040173 
E_test = 0.043386 
delta_E_train = 0.000705053 
delta_E_test = 0.000761924 
sigma_max_train = 2.03493 
sigma_max_test = 2.32232 
