[Results] 
model_name = k2 
seed = 1234 
n_pairs = 2000 
n_points = 10000 
batch_size = 10000 
function = f1 
psi = 1.0 
phi = 1.6 
k = 2 
n_parameters = 225 
loss function = weighted_MSE 

n_epochs = 666 
train_time = 11.3146 
sigma_train = 0.0647573 
sigma_test = 0.0689826 
delta_sigma_train = 0.000494619 
delta_sigma_test = 0.000524781 
E_train = 0.00663998 
E_test = 0.00751255 
delta_E_train = 9.67692e-05 
delta_E_test = 0.000107638 
sigma_max_train = 0.442777 
sigma_max_test = 0.473889 
