[Results] 
model_name = k3 
seed = 1234 
n_pairs = 2000 
n_points = 10000 
batch_size = 10000 
function = f1 
psi = 1.0 
phi = 1.6 
k = 3 
n_parameters = 1225 
loss function = weighted_MSE 

n_epochs = 666 
train_time = 95.0977 
sigma_train = 0.0351851 
sigma_test = 0.0450835 
delta_sigma_train = 0.000311526 
delta_sigma_test = 0.000394203 
E_train = 0.00220847 
E_test = 0.00358648 
delta_E_train = 4.67408e-05 
delta_E_test = 6.5875e-05 
sigma_max_train = 0.376818 
sigma_max_test = 0.38577 
