[Results] 
model_name = 100_500_100_1_seed320 
seed = 320 
psi = 0.0 
n_pairs = 100000 
n_points = 500000 
batch_size = 10000 
layers = 100_500_100_1 
loss function = weighted_MAPE 

n_epochs = 381 
train_time = 7278.06 
sigma_train = 0.00345496 
sigma_test = 0.00346375 
delta_sigma_train = 3.76147e-06 
delta_sigma_test = 3.7731e-06 
E_train = 1.9011e-05 
E_test = 1.9115e-05 
delta_E_train = 3.76147e-06 
delta_E_test = 3.7731e-06 
E_max_train = 0.040145 
E_max_test = 0.04015 
