[Results] 
model_name = 100_200_500_seed235 
seed = 235 
psi = -4 
n_pairs = 100000 
n_points = 500000 
batch_size = 10000 
layers = 100_200_500 

n_epochs = 81 
train_time = 930.710141 
sigma_train = 0.017997 
sigma_test = 0.018781 
delta_sigma_train = 0.000034 
delta_sigma_test = 0.000036 
