[Results] 
model_name = 3 
seed = 1234 
n_pairs = 10000 
n_points = 50000 
batch_size = 10000 
function = f0 
psi = 10.0 
k = 3 
n_parameters = 1225 
loss function = weighted_MAPE 

n_epochs = 200 
train_time = 408.339 
sigma_train = 0.0736702 
sigma_test = 0.0770968 
delta_sigma_train = 0.000278094 
delta_sigma_test = 0.00028152 
E_train = 0.0092947 
E_test = 0.00990457 
delta_E_train = 6.42819e-05 
delta_E_test = 6.6493e-05 
sigma_max_train = 0.34626 
sigma_max_test = 0.345818 
