[Results] 
model_name = 3 
seed = 1234 
n_pairs = 10000 
n_points = 50000 
batch_size = 10000 
function = f2 
psi = 0.0 
alpha = 1.2 
k = 3 
n_parameters = 1225 
loss function = weighted_MAPE 

n_epochs = 200 
train_time = 415.124 
sigma_train = 0.0751351 
sigma_test = 0.078313 
delta_sigma_train = 0.00031862 
delta_sigma_test = 0.000330919 
E_train = 0.0107183 
E_test = 0.0116066 
delta_E_train = 0.000106175 
delta_E_test = 0.000123372 
sigma_max_train = 0.638492 
sigma_max_test = 0.713612 
