[Results] 
model_name = 100_500_100_1_seed320 
seed = 320 
psi = -4.5 
n_pairs = 100000 
n_points = 500000 
batch_size = 10000 
layers = 100_500_100_1 
loss function = weighted_MAPE 

n_epochs = 151 
train_time = 1724.73 
sigma_train = 0.0625391 
sigma_test = 0.0633546 
delta_sigma_train = 0.000107606 
delta_sigma_test = 0.000109378 
E_train = 0.00970078 
E_test = 0.00999485 
delta_E_train = 0.000107606 
delta_E_test = 0.000109378 
E_max_train = 0.809911 
E_max_test = 0.799344 
