[Results] 
model_name = 25 
seed = 1234 
n_pairs = 100000 
n_points = 500000 
batch_size = 5000 
function = f1 
psi = 0.0 
phi = 1.0 
k = 1 
n_parameters = 25 
loss function = weighted_MAPE 

n_epochs = 500 
train_time = 3651.13 
sigma_train = 0.381506 
sigma_test = 0.38196 
delta_sigma_train = 0.000518312 
delta_sigma_test = 0.000520557 
E_train = 0.279837 
E_test = 0.28141 
delta_E_train = 0.000518312 
delta_E_test = 0.000520557 
sigma_max_train = 5.07517 
sigma_max_test = 5.59112 
