[Results] 
model_name = 2 
seed = 1234 
n_pairs = 10000 
n_points = 50000 
batch_size = 10000 
function = f2 
psi = -1.0 
alpha = 0.8 
k = 2 
n_parameters = 225 
loss function = weighted_MAPE 

n_epochs = 200 
train_time = 180.059 
sigma_train = 0.135786 
sigma_test = 0.136904 
delta_sigma_train = 0.000489513 
delta_sigma_test = 0.000495865 
E_train = 0.0304177 
E_test = 0.0310357 
delta_E_train = 0.000214997 
delta_E_test = 0.000221525 
sigma_max_train = 0.759379 
sigma_max_test = 0.749341 
