[Results] 
model_name = k2 
seed = 1234 
n_pairs = 2000 
n_points = 10000 
batch_size = 10000 
function = f1 
psi = 3.0 
phi = 0.4 
k = 2 
n_parameters = 225 
loss function = weighted_MSE 

n_epochs = 666 
train_time = 8.59057 
sigma_train = 0.0825094 
sigma_test = 0.0857333 
delta_sigma_train = 0.00069219 
delta_sigma_test = 0.000712539 
E_train = 0.0115991 
E_test = 0.0124273 
delta_E_train = 0.000186358 
delta_E_test = 0.000197513 
sigma_max_train = 0.468423 
sigma_max_test = 0.457607 
