[Results] 
model_name = k3 
seed = 1234 
n_pairs = 2000 
n_points = 10000 
batch_size = 10000 
function = f2 
psi = 0.0 
alpha = 1.2 
k = 3 
n_parameters = 1225 
loss function = weighted_MSE 

n_epochs = 666 
train_time = 41.0307 
sigma_train = 0.0701967 
sigma_test = 0.086267 
delta_sigma_train = 0.000586624 
delta_sigma_test = 0.000754604 
E_train = 0.00836886 
E_test = 0.0131363 
delta_E_train = 0.000147621 
delta_E_test = 0.00026282 
sigma_max_train = 0.413265 
sigma_max_test = 0.634233 
