[Results] 
model_name = 100_500_100_1_seed235 
seed = 235 
psi = 0.01 
n_pairs = 100000 
n_points = 500000 
batch_size = 10000 
layers = 100_500_100_1 
loss function = weighted_MAPE 

n_epochs = 21 
train_time = 455.375 
sigma_train = 2.00098 
sigma_test = 2.00712 
delta_sigma_train = 0.129577 
delta_sigma_test = 0.129774 
E_train = 7921.14 
E_test = 8632.49 
delta_E_train = 0.129577 
delta_E_test = 0.129774 
E_max_train = 21858.6 
E_max_test = 25428.7 
