[Results] 
model_name = 2 
seed = 1234 
n_pairs = 10000 
n_points = 50000 
batch_size = 10000 
function = f2 
psi = 3.0 
alpha = 1.6 
k = 2 
n_parameters = 225 
loss function = weighted_MAPE 

n_epochs = 200 
train_time = 180.482 
sigma_train = 0.182537 
sigma_test = 0.182489 
delta_sigma_train = 0.000656559 
delta_sigma_test = 0.000659589 
E_train = 0.0548532 
E_test = 0.0550522 
delta_E_train = 0.000379776 
delta_E_test = 0.000387404 
sigma_max_train = 1.25415 
sigma_max_test = 1.09816 
