[Results] 
model_name = 3 
seed = 1234 
n_pairs = 10000 
n_points = 50000 
batch_size = 10000 
function = f2 
psi = 3.0 
alpha = 1.6 
k = 3 
n_parameters = 1225 
loss function = weighted_MAPE 

n_epochs = 200 
train_time = 401.526 
sigma_train = 0.0852971 
sigma_test = 0.0890596 
delta_sigma_train = 0.000356149 
delta_sigma_test = 0.000358108 
E_train = 0.013617 
E_test = 0.0143424 
delta_E_train = 0.000126001 
delta_E_test = 0.000127859 
sigma_max_train = 0.690496 
sigma_max_test = 0.622464 
