[Results] 
model_name = 100_500_100_1_seed472 
seed = 472 
psi = 0.0 
n_pairs = 100000 
n_points = 500000 
batch_size = 10000 
layers = 100_500_100_1 
loss function = weighted_MAPE 

n_epochs = 421 
train_time = 12084.3 
sigma_train = 0.00284861 
sigma_test = 0.00285761 
delta_sigma_train = 3.08478e-06 
delta_sigma_test = 3.09715e-06 
E_train = 1.28725e-05 
E_test = 1.29617e-05 
delta_E_train = 3.08478e-06 
delta_E_test = 3.09715e-06 
E_max_train = 0.00226032 
E_max_test = 0.00243274 
