[Results] 
model_name = 100_500_100_1_seed320 
seed = 320 
psi = -10.0 
n_pairs = 100000 
n_points = 500000 
batch_size = 10000 
layers = 100_500_100_1 
loss function = weighted_MAPE 

n_epochs = 11 
train_time = 375.343 
sigma_train = 2.07599 
sigma_test = 2.02867 
delta_sigma_train = 0.118579 
delta_sigma_test = 0.167425 
E_train = 8385.47 
E_test = 7338.86 
delta_E_train = 0.118579 
delta_E_test = 0.167425 
E_max_train = 734.959 
E_max_test = 817.478 
