[Results] 
model_name = 100_500_100_1_seed1234 
seed = 1234 
psi = -10.0 
n_pairs = 100000 
n_points = 500000 
batch_size = 10000 
layers = 100_500_100_1 
loss function = weighted_MAPE 

n_epochs = 471 
train_time = 8844.88 
sigma_train = 0.00828845 
sigma_test = 0.00850424 
delta_sigma_train = 9.63495e-06 
delta_sigma_test = 9.94302e-06 
E_train = 0.000115118 
E_test = 0.000121757 
delta_E_train = 9.63495e-06 
delta_E_test = 9.94302e-06 
E_max_train = 0.0687286 
E_max_test = 0.0718886 
