[Results] 
model_name = 100_200_500_seed1234 
seed = 1234 
psi = -3 
n_pairs = 100000 
n_points = 500000 
batch_size = 10000 
layers = 100_200_500 

n_epochs = 101 
train_time = 1190.320256 
sigma_train = 0.011735 
sigma_test = 0.012234 
delta_sigma_train = 0.000017 
delta_sigma_test = 0.000018 
