[Results] 
model_name = 50_50_1 
seed = 1234 
n_pairs = 100000 
n_points = 500000 
batch_size = 5000 
function = f0 
psi = -3.2 
k = 4 
n_parameters = 3800 
loss function = weighted_MAPE 

n_epochs = 150 
train_time = 2016.02 
sigma_train = 0.0393889 
sigma_test = 0.0398581 
delta_sigma_train = 6.16778e-05 
delta_sigma_test = 6.2023e-05 
E_train = 0.0034537 
E_test = 0.0035123 
delta_E_train = 1.50328e-05 
delta_E_test = 1.50671e-05 
sigma_max_train = 0.425769 
sigma_max_test = 0.430115 
