[Results] 
model_name = 25 
seed = 1234 
n_pairs = 10000 
n_points = 50000 
batch_size = 10000 
function = f2 
psi = 1.0 
alpha = 1.2 
k = 1 
n_parameters = 25 
loss function = weighted_MAPE 

n_epochs = 200 
train_time = 183.936 
sigma_train = 0.415806 
sigma_test = 0.413072 
delta_sigma_train = 0.00159933 
delta_sigma_test = 0.00159156 
E_train = 0.300789 
E_test = 0.297265 
delta_E_train = 0.00304914 
delta_E_test = 0.00304848 
sigma_max_train = 4.57132 
sigma_max_test = 4.82767 
