[Results] 
model_name = k3 
seed = 1234 
n_pairs = 2000 
n_points = 10000 
batch_size = 10000 
function = f1 
psi = 1.0 
phi = 1.2 
k = 3 
n_parameters = 1225 
loss function = weighted_MSE 

n_epochs = 666 
train_time = 62.8618 
sigma_train = 0.0346772 
sigma_test = 0.0422666 
delta_sigma_train = 0.000307695 
delta_sigma_test = 0.000362371 
E_train = 0.00214927 
E_test = 0.00309959 
delta_E_train = 4.67542e-05 
delta_E_test = 5.74203e-05 
sigma_max_train = 0.354243 
sigma_max_test = 0.371116 
