[Results] 
model_name = 25 
seed = 1234 
n_pairs = 10000 
n_points = 50000 
batch_size = 10000 
function = f0 
psi = -0.8 
k = 1 
n_parameters = 25 
loss function = weighted_MAPE 

n_epochs = 200 
train_time = 129.149 
sigma_train = 0.369982 
sigma_test = 0.371916 
delta_sigma_train = 0.00159719 
delta_sigma_test = 0.00161391 
E_train = 0.264427 
E_test = 0.268531 
delta_E_train = 0.00159719 
delta_E_test = 0.00161391 
sigma_max_train = 4.34301 
sigma_max_test = 4.56515 
