[Results] 
model_name = 25 
seed = 1234 
n_pairs = 10000 
n_points = 50000 
batch_size = 10000 
function = f0 
psi = -1.0 
k = 1 
n_parameters = 25 
loss function = weighted_MAPE 

n_epochs = 200 
train_time = 125.77 
sigma_train = 0.369323 
sigma_test = 0.37126 
delta_sigma_train = 0.00159393 
delta_sigma_test = 0.00161084 
E_train = 0.263448 
E_test = 0.267562 
delta_E_train = 0.00159393 
delta_E_test = 0.00161084 
sigma_max_train = 4.35395 
sigma_max_test = 4.59175 
