[Results] 
model_name = 25 
seed = 1234 
n_pairs = 10000 
n_points = 50000 
batch_size = 10000 
function = f2 
psi = 1.0 
alpha = 1.6 
k = 1 
n_parameters = 25 
loss function = weighted_MAPE 

n_epochs = 200 
train_time = 182.049 
sigma_train = 0.406749 
sigma_test = 0.40706 
delta_sigma_train = 0.00151728 
delta_sigma_test = 0.00152804 
E_train = 0.280532 
E_test = 0.282448 
delta_E_train = 0.00263454 
delta_E_test = 0.00270452 
sigma_max_train = 3.85668 
sigma_max_test = 4.65309 
