[Results] 
model_name = 500_500_500_500_1 
seed = 1234 
n_pairs = 20000 
n_points = 100000 
batch_size = 5000 
function = f1 
psi = 0.0 
phi = 2.8 
k = 16 
n_parameters = 763000 
loss function = weighted_MAPE 

n_epochs = 400 
train_time = 6937.45 
sigma_train = 1.99342 
sigma_test = 2.15349 
delta_sigma_train = 0.0813786 
delta_sigma_test = 0.122172 
E_train = 696.258 
E_test = 1277.32 
delta_E_train = 73.9813 
delta_E_test = 253.874 
sigma_max_train = 2162.53 
sigma_max_test = 3139.98 
