[Results] 
model_name = 25 
seed = 1234 
n_pairs = 10000 
n_points = 50000 
batch_size = 10000 
function = f1 
psi = 1.0 
phi = 0.8 
k = 1 
n_parameters = 25 
loss function = weighted_MAPE 

n_epochs = 200 
train_time = 128.806 
sigma_train = 0.376556 
sigma_test = 0.37899 
delta_sigma_train = 0.00161737 
delta_sigma_test = 0.00162996 
E_train = 0.27262 
E_test = 0.276474 
delta_E_train = 0.00352372 
delta_E_test = 0.00354285 
sigma_max_train = 4.51775 
sigma_max_test = 4.54649 
