[Results] 
model_name = k2 
seed = 1234 
n_pairs = 2000 
n_points = 10000 
batch_size = 10000 
function = f1 
psi = 0.0 
phi = 0.4 
k = 2 
n_parameters = 225 
loss function = weighted_MSE 

n_epochs = 666 
train_time = 10.9764 
sigma_train = 0.0569943 
sigma_test = 0.0583391 
delta_sigma_train = 0.000438477 
delta_sigma_test = 0.000439189 
E_train = 0.00517097 
E_test = 0.00533232 
delta_E_train = 7.91112e-05 
delta_E_test = 7.85774e-05 
sigma_max_train = 0.429037 
sigma_max_test = 0.430507 
