[Results] 
model_name = k3 
seed = 1234 
n_pairs = 2000 
n_points = 10000 
batch_size = 10000 
function = f1 
psi = 0.0 
phi = 0.4 
k = 3 
n_parameters = 1225 
loss function = weighted_MSE 

n_epochs = 666 
train_time = 28.1473 
sigma_train = 0.0262217 
sigma_test = 0.0303325 
delta_sigma_train = 0.000248881 
delta_sigma_test = 0.000273082 
E_train = 0.001307 
E_test = 0.0016658 
delta_E_train = 3.79681e-05 
delta_E_test = 4.0296e-05 
sigma_max_train = 0.323738 
sigma_max_test = 0.341079 
