[Results] 
model_name = 100_500_100_1_seed1729 
seed = 1729 
psi = -0.5 
phi = 1.0 
n_pairs = 100000 
n_points = 500000 
batch_size = 10000 
layers = 100_500_100_1 
loss function = weighted_MSE 

n_epochs = 11 
train_time = 220.594 
sigma_train = 0.851996 
sigma_test = 0.852211 
delta_sigma_train = 0.00133193 
delta_sigma_test = 0.0013406 
E_train = 1.61289 
E_test = 1.62467 
delta_E_train = 0.00133193 
delta_E_test = 0.0013406 
E_max_train = 16.756 
E_max_test = 16.9264 
