[Results] 
model_name = 3 
seed = 1234 
n_pairs = 10000 
n_points = 50000 
batch_size = 10000 
function = f2 
psi = 3.0 
alpha = 2.8 
k = 3 
n_parameters = 1225 
loss function = weighted_MAPE 

n_epochs = 200 
train_time = 414.119 
sigma_train = 0.0948336 
sigma_test = 0.0998434 
delta_sigma_train = 0.000411068 
delta_sigma_test = 0.000421465 
E_train = 0.0174405 
E_test = 0.0188481 
delta_E_train = 0.000179781 
delta_E_test = 0.000188904 
sigma_max_train = 0.860903 
sigma_max_test = 0.85276 
