[Results] 
model_name = 100_500_100_1_seed472 
seed = 472 
psi = -8.0 
n_pairs = 100000 
n_points = 500000 
batch_size = 10000 
layers = 100_500_100_1 
loss function = weighted_MAPE 

n_epochs = 821 
train_time = 23454.7 
sigma_train = 0.00461023 
sigma_test = 0.00484932 
delta_sigma_train = 5.4161e-06 
delta_sigma_test = 5.77058e-06 
E_train = 3.59204e-05 
E_test = 4.01661e-05 
delta_E_train = 5.4161e-06 
delta_E_test = 5.77058e-06 
E_max_train = 0.0338641 
E_max_test = 0.0376324 
