[Results] 
model_name = 100_500_100_1_seed1234 
seed = 1234 
psi = -10.0 
n_pairs = 100000 
n_points = 500000 
batch_size = 1000 
layers = 100_500_100_1 
loss function = weighted_MAPE 

n_epochs = 11 
train_time = 391.948 
sigma_train = 1.99106 
sigma_test = 1.9901 
delta_sigma_train = 0.0396114 
delta_sigma_test = 0.0387549 
E_train = 823.293 
E_test = 765.911 
delta_E_train = 0.0396114 
delta_E_test = 0.0387549 
E_max_train = 2758.28 
E_max_test = 2776.54 
