[Results] 
model_name = 100_500_100_1_seed235 
seed = 235 
psi = -1.0 
n_pairs = 100000 
n_points = 500000 
batch_size = 10000 
layers = 100_500_100_1 
loss function = weighted_MAPE 

n_epochs = 601 
train_time = 11584.1 
sigma_train = 0.00524742 
sigma_test = 0.00528114 
delta_sigma_train = 5.91296e-06 
delta_sigma_test = 5.95615e-06 
E_train = 4.50189e-05 
E_test = 4.56263e-05 
delta_E_train = 5.91296e-06 
delta_E_test = 5.95615e-06 
E_max_train = 0.00362158 
E_max_test = 0.00361957 
