[Results] 
model_name = 100_500_100_1_seed472 
seed = 472 
psi = -2.0 
n_pairs = 100000 
n_points = 500000 
batch_size = 10000 
layers = 100_500_100_1 
loss function = weighted_MAPE 

n_epochs = 421 
train_time = 11833.4 
sigma_train = 0.00631944 
sigma_test = 0.00638924 
delta_sigma_train = 8.017e-06 
delta_sigma_test = 8.12893e-06 
E_train = 7.20761e-05 
E_test = 7.38611e-05 
delta_E_train = 8.017e-06 
delta_E_test = 8.12893e-06 
E_max_train = 0.0507676 
E_max_test = 0.0531399 
