[Results] 
model_name = 25 
seed = 1234 
n_pairs = 10000 
n_points = 50000 
batch_size = 10000 
function = f1 
psi = 1.0 
phi = -2.0 
k = 1 
n_parameters = 25 
loss function = weighted_MAPE 

n_epochs = 50 
train_time = 37.8298 
sigma_train = 0.334383 
sigma_test = 0.335466 
delta_sigma_train = 0.00144213 
delta_sigma_test = 0.0014536 
E_train = 0.215769 
E_test = 0.218189 
delta_E_train = 0.00144213 
delta_E_test = 0.0014536 
sigma_max_train = 5.10198 
sigma_max_test = 4.71213 
