[Results] 
model_name = k2 
seed = 1234 
n_pairs = 2000 
n_points = 10000 
batch_size = 10000 
function = f1 
psi = 1.0 
phi = 2.8 
k = 2 
n_parameters = 225 
loss function = weighted_MSE 

n_epochs = 666 
train_time = 25.1045 
sigma_train = 0.0880199 
sigma_test = 0.099765 
delta_sigma_train = 0.000702749 
delta_sigma_test = 0.00079568 
E_train = 0.0126861 
E_test = 0.0162841 
delta_E_train = 0.00020604 
delta_E_test = 0.000268266 
sigma_max_train = 0.45983 
sigma_max_test = 0.49308 
