[Results] 
model_name = k3 
seed = 1234 
n_pairs = 2000 
n_points = 10000 
batch_size = 10000 
function = f1 
psi = 1.0 
phi = 2.8 
k = 3 
n_parameters = 1225 
loss function = weighted_MSE 

n_epochs = 666 
train_time = 448.057 
sigma_train = 0.0343247 
sigma_test = 0.0649852 
delta_sigma_train = 0.000303518 
delta_sigma_test = 0.00065024 
E_train = 0.00209941 
E_test = 0.0084512 
delta_E_train = 4.37265e-05 
delta_E_test = 0.000204108 
sigma_max_train = 0.341679 
sigma_max_test = 0.458497 
