[Results] 
model_name = k4 
seed = 1234 
n_pairs = 2000 
n_points = 10000 
batch_size = 10000 
function = f1 
psi = 1.0 
phi = 2.8 
k = 4 
n_parameters = 4900 
loss function = weighted_MSE 

n_epochs = 666 
train_time = 1528.71 
sigma_train = 0.0146094 
sigma_test = 0.122296 
delta_sigma_train = 0.000167561 
delta_sigma_test = 0.00126741 
E_train = 0.0004942 
E_test = 0.0310195 
delta_E_train = 1.35866e-05 
delta_E_test = 0.000743376 
sigma_max_train = 0.214151 
sigma_max_test = 0.987665 
