[Results] 
model_name = 25 
seed = 1234 
n_pairs = 10000 
n_points = 50000 
batch_size = 10000 
function = f2 
psi = 1.0 
alpha = 3.0 
k = 1 
n_parameters = 25 
loss function = weighted_MAPE 

n_epochs = 200 
train_time = 187.518 
sigma_train = 0.372192 
sigma_test = 0.375351 
delta_sigma_train = 0.00133477 
delta_sigma_test = 0.00135561 
E_train = 0.227647 
E_test = 0.232779 
delta_E_train = 0.00187745 
delta_E_test = 0.00195907 
sigma_max_train = 3.30893 
sigma_max_test = 3.38004 
