[Results] 
model_name = 50_100_200_seed235 
seed = 235 
psi = -0.01 
n_pairs = 100000 
n_points = 500000 
batch_size = 1000 
layers = 50_100_200 

n_epochs = 41 
train_time = 1184.235584 
sigma_train = 0.002983 
sigma_test = 0.002979 
delta_sigma_train = 0.000003 
delta_sigma_test = 0.000003 
