[Results] 
model_name = 2 
seed = 1234 
n_pairs = 10000 
n_points = 50000 
batch_size = 10000 
function = f2 
psi = 0.0 
alpha = 1.6 
k = 2 
n_parameters = 225 
loss function = weighted_MAPE 

n_epochs = 200 
train_time = 170.865 
sigma_train = 0.176361 
sigma_test = 0.177028 
delta_sigma_train = 0.000637819 
delta_sigma_test = 0.000642703 
E_train = 0.0514316 
E_test = 0.0519968 
delta_E_train = 0.000360658 
delta_E_test = 0.000365188 
sigma_max_train = 1.03061 
sigma_max_test = 1.03667 
