[Results] 
model_name = 3 
seed = 1234 
n_pairs = 10000 
n_points = 50000 
batch_size = 10000 
function = f2 
psi = 0.0 
alpha = 1.6 
k = 3 
n_parameters = 1225 
loss function = weighted_MAPE 

n_epochs = 200 
train_time = 400.553 
sigma_train = 0.0826492 
sigma_test = 0.0861251 
delta_sigma_train = 0.000353875 
delta_sigma_test = 0.000355539 
E_train = 0.0130903 
E_test = 0.0137434 
delta_E_train = 0.0001373 
delta_E_test = 0.000131846 
sigma_max_train = 0.776989 
sigma_max_test = 0.664391 
