[Results] 
model_name = 50_100_200_seed235 
seed = 235 
psi = -1 
n_pairs = 100000 
n_points = 500000 
batch_size = 1000 
layers = 50_100_200 

n_epochs = 51 
train_time = 1457.196282 
sigma_train = 0.015466 
sigma_test = 0.015561 
delta_sigma_train = 0.000021 
delta_sigma_test = 0.000021 
