[Results] 
model_name = 25 
seed = 1234 
n_pairs = 10000 
n_points = 50000 
batch_size = 10000 
function = f1 
psi = 3.0 
phi = 0.8 
k = 1 
n_parameters = 25 
loss function = weighted_MAPE 

n_epochs = 200 
train_time = 182.78 
sigma_train = 0.358378 
sigma_test = 0.361554 
delta_sigma_train = 0.00151913 
delta_sigma_test = 0.00153227 
E_train = 0.243804 
E_test = 0.24811 
delta_E_train = 0.00298858 
delta_E_test = 0.00301293 
sigma_max_train = 3.9976 
sigma_max_test = 4.24755 
