[Results] 
model_name = 2 
seed = 1234 
n_pairs = 10000 
n_points = 50000 
batch_size = 10000 
function = f1 
psi = 2.0 
phi = 2.8 
k = 2 
n_parameters = 225 
loss function = weighted_MAPE 

n_epochs = 200 
train_time = 181.878 
sigma_train = 0.176893 
sigma_test = 0.182782 
delta_sigma_train = 0.000951155 
delta_sigma_test = 0.000963757 
E_train = 0.0765645 
E_test = 0.07987 
delta_E_train = 0.00188906 
delta_E_test = 0.00188848 
sigma_max_train = 4.43149 
sigma_max_test = 4.52402 
