[Results] 
model_name = 3 
seed = 1234 
n_pairs = 10000 
n_points = 50000 
batch_size = 10000 
function = f1 
psi = 2.0 
phi = 2.8 
k = 3 
n_parameters = 1225 
loss function = weighted_MAPE 

n_epochs = 200 
train_time = 406.621 
sigma_train = 0.154983 
sigma_test = 0.166315 
delta_sigma_train = 0.00100339 
delta_sigma_test = 0.00104356 
E_train = 0.0743602 
E_test = 0.0821213 
delta_E_train = 0.00143512 
delta_E_test = 0.00156938 
sigma_max_train = 3.25212 
sigma_max_test = 3.3137 
