[Results] 
model_name = 2 
seed = 1234 
n_pairs = 10000 
n_points = 50000 
batch_size = 10000 
function = f2 
psi = 0.0 
alpha = 0.4 
k = 2 
n_parameters = 225 
loss function = weighted_MAPE 

n_epochs = 200 
train_time = 171.761 
sigma_train = 0.0847169 
sigma_test = 0.0861344 
delta_sigma_train = 0.000296447 
delta_sigma_test = 0.000292685 
E_train = 0.0115735 
E_test = 0.0117019 
delta_E_train = 7.73466e-05 
delta_E_test = 7.52002e-05 
sigma_max_train = 0.452824 
sigma_max_test = 0.467266 
