[Results] 
model_name = k2 
seed = 1234 
n_pairs = 2000 
n_points = 10000 
batch_size = 10000 
function = f2 
psi = -1.0 
alpha = 2.4 
k = 2 
n_parameters = 225 
loss function = weighted_MSE 

n_epochs = 666 
train_time = 9.73343 
sigma_train = 0.182437 
sigma_test = 0.190223 
delta_sigma_train = 0.00138921 
delta_sigma_test = 0.00150227 
E_train = 0.0525825 
E_test = 0.058753 
delta_E_train = 0.000745887 
delta_E_test = 0.000892936 
sigma_max_train = 0.894016 
sigma_max_test = 1.1831 
