[Results] 
model_name = k3 
seed = 1234 
n_pairs = 2000 
n_points = 10000 
batch_size = 10000 
function = f2 
psi = -1.0 
alpha = 2.4 
k = 3 
n_parameters = 1225 
loss function = weighted_MSE 

n_epochs = 666 
train_time = 55.0264 
sigma_train = 0.0784192 
sigma_test = 0.097986 
delta_sigma_train = 0.000631743 
delta_sigma_test = 0.000855191 
E_train = 0.0101406 
E_test = 0.0169148 
delta_E_train = 0.000163418 
delta_E_test = 0.000326034 
sigma_max_train = 0.463999 
sigma_max_test = 0.679369 
