[Results] 
model_name = 50_50_1 
seed = 1234 
n_pairs = 100000 
n_points = 500000 
batch_size = 5000 
function = f0 
psi = -1.2 
k = 4 
n_parameters = 3800 
loss function = weighted_MAPE 

n_epochs = 150 
train_time = 1743.2 
sigma_train = 0.0156376 
sigma_test = 0.0157862 
delta_sigma_train = 1.97814e-05 
delta_sigma_test = 1.99133e-05 
E_train = 0.000440151 
E_test = 0.000447459 
delta_E_train = 1.31632e-06 
delta_E_test = 1.34318e-06 
sigma_max_train = 0.24891 
sigma_max_test = 0.270674 
