[Results] 
model_name = 25 
seed = 1234 
n_pairs = 10000 
n_points = 50000 
batch_size = 10000 
function = f1 
psi = 2.0 
phi = -2.0 
k = 1 
n_parameters = 25 
loss function = weighted_MAPE 

n_epochs = 200 
train_time = 143.875 
sigma_train = 0.33365 
sigma_test = 0.334929 
delta_sigma_train = 0.00143373 
delta_sigma_test = 0.00144641 
E_train = 0.214089 
E_test = 0.216761 
delta_E_train = 0.00143373 
delta_E_test = 0.00144641 
sigma_max_train = 4.98769 
sigma_max_test = 4.60618 
