[Results] 
model_name = k2 
seed = 1234 
n_pairs = 2000 
n_points = 10000 
batch_size = 10000 
function = f2 
psi = 2.0 
alpha = 1.2 
k = 2 
n_parameters = 225 
loss function = weighted_MSE 

n_epochs = 666 
train_time = 10.2138 
sigma_train = 0.16155 
sigma_test = 0.17122 
delta_sigma_train = 0.00129342 
delta_sigma_test = 0.00137181 
E_train = 0.0428275 
E_test = 0.048135 
delta_E_train = 0.000669096 
delta_E_test = 0.00074888 
sigma_max_train = 0.823925 
sigma_max_test = 0.888049 
