[Results] 
model_name = k4 
seed = 1234 
n_pairs = 2000 
n_points = 10000 
batch_size = 10000 
function = f2 
psi = 2.0 
alpha = 1.2 
k = 4 
n_parameters = 4900 
loss function = weighted_MSE 

n_epochs = 666 
train_time = 682.66 
sigma_train = 0.0174431 
sigma_test = 0.0521296 
delta_sigma_train = 0.000147165 
delta_sigma_test = 0.000499476 
E_train = 0.000520838 
E_test = 0.00521226 
delta_E_train = 9.7655e-06 
delta_E_test = 0.000126413 
sigma_max_train = 0.154044 
sigma_max_test = 0.472479 
