[Results] 
model_name = 2 
seed = 1234 
n_pairs = 10000 
n_points = 50000 
batch_size = 10000 
function = f2 
psi = -3.0 
alpha = 1.2 
k = 2 
n_parameters = 225 
loss function = weighted_MAPE 

n_epochs = 200 
train_time = 178.882 
sigma_train = 0.159529 
sigma_test = 0.16146 
delta_sigma_train = 0.000572842 
delta_sigma_test = 0.000583504 
E_train = 0.0418567 
E_test = 0.0430995 
delta_E_train = 0.000289354 
delta_E_test = 0.000303927 
sigma_max_train = 1.03386 
sigma_max_test = 0.911082 
