[Results] 
model_name = 2 
seed = 1234 
n_pairs = 10000 
n_points = 50000 
batch_size = 10000 
function = f1 
psi = -2.0 
phi = 0.4 
k = 2 
n_parameters = 225 
loss function = weighted_MAPE 

n_epochs = 200 
train_time = 174.793 
sigma_train = 0.0733487 
sigma_test = 0.0746329 
delta_sigma_train = 0.000267802 
delta_sigma_test = 0.000270024 
E_train = 0.00896588 
E_test = 0.00921663 
delta_E_train = 6.44382e-05 
delta_E_test = 6.6109e-05 
sigma_max_train = 0.444027 
sigma_max_test = 0.474519 
