[Results] 
model_name = 3 
seed = 1234 
n_pairs = 10000 
n_points = 50000 
batch_size = 10000 
function = f1 
psi = -2.0 
phi = 0.4 
k = 3 
n_parameters = 1225 
loss function = weighted_MAPE 

n_epochs = 200 
train_time = 404.745 
sigma_train = 0.0495185 
sigma_test = 0.0525588 
delta_sigma_train = 0.000216195 
delta_sigma_test = 0.000220618 
E_train = 0.00478864 
E_test = 0.00519554 
delta_E_train = 4.56128e-05 
delta_E_test = 4.7953e-05 
sigma_max_train = 0.349678 
sigma_max_test = 0.37103 
