[Results] 
model_name = 100_500_100_1_seed320 
seed = 320 
psi = -1.0 
n_pairs = 100000 
n_points = 500000 
batch_size = 10000 
layers = 100_500_100_1 
loss function = weighted_MAPE 

n_epochs = 441 
train_time = 8455.63 
sigma_train = 0.00272622 
sigma_test = 0.00274758 
delta_sigma_train = 3.18825e-06 
delta_sigma_test = 3.22588e-06 
E_train = 1.25159e-05 
E_test = 1.27529e-05 
delta_E_train = 3.18825e-06 
delta_E_test = 3.22588e-06 
E_max_train = 0.00273295 
E_max_test = 0.00268052 
