[Results] 
model_name = 2 
seed = 1234 
n_pairs = 10000 
n_points = 50000 
batch_size = 10000 
function = f1 
psi = 1.0 
phi = 0.8 
k = 2 
n_parameters = 225 
loss function = weighted_MAPE 

n_epochs = 200 
train_time = 177.247 
sigma_train = 0.0674083 
sigma_test = 0.0679985 
delta_sigma_train = 0.00023189 
delta_sigma_test = 0.000233638 
E_train = 0.00723239 
E_test = 0.00735156 
delta_E_train = 4.74166e-05 
delta_E_test = 4.80082e-05 
sigma_max_train = 0.471132 
sigma_max_test = 0.468107 
