[Results] 
model_name = 3 
seed = 1234 
n_pairs = 10000 
n_points = 50000 
batch_size = 10000 
function = f1 
psi = 1.0 
phi = 0.8 
k = 3 
n_parameters = 1225 
loss function = weighted_MAPE 

n_epochs = 200 
train_time = 406.211 
sigma_train = 0.0361138 
sigma_test = 0.0382164 
delta_sigma_train = 0.000155886 
delta_sigma_test = 0.000158047 
E_train = 0.00251978 
E_test = 0.00270939 
delta_E_train = 2.68987e-05 
delta_E_test = 2.775e-05 
sigma_max_train = 0.378386 
sigma_max_test = 0.397194 
