[Results] 
model_name = 2 
seed = 1234 
n_pairs = 10000 
n_points = 50000 
batch_size = 10000 
function = f0 
psi = -4.8 
k = 2 
n_parameters = 225 
loss function = weighted_MAPE 

n_epochs = 200 
train_time = 171.559 
sigma_train = 0.101866 
sigma_test = 0.105384 
delta_sigma_train = 0.000482862 
delta_sigma_test = 0.000495829 
E_train = 0.0220405 
E_test = 0.0233992 
delta_E_train = 0.000270088 
delta_E_test = 0.000276202 
sigma_max_train = 0.897594 
sigma_max_test = 0.84592 
