[Results] 
model_name = 2 
seed = 1234 
n_pairs = 10000 
n_points = 50000 
batch_size = 10000 
function = f1 
psi = -1.0 
phi = 1.2 
k = 2 
n_parameters = 225 
loss function = weighted_MAPE 

n_epochs = 200 
train_time = 177.243 
sigma_train = 0.073666 
sigma_test = 0.0746165 
delta_sigma_train = 0.000259752 
delta_sigma_test = 0.000261925 
E_train = 0.00880102 
E_test = 0.00899713 
delta_E_train = 6.13138e-05 
delta_E_test = 6.25199e-05 
sigma_max_train = 0.49379 
sigma_max_test = 0.482901 
