[Results] 
model_name = 3 
seed = 1234 
n_pairs = 10000 
n_points = 50000 
batch_size = 10000 
function = f1 
psi = -1.0 
phi = 1.2 
k = 3 
n_parameters = 1225 
loss function = weighted_MAPE 

n_epochs = 200 
train_time = 419.791 
sigma_train = 0.0411614 
sigma_test = 0.043256 
delta_sigma_train = 0.000192104 
delta_sigma_test = 0.000195537 
E_train = 0.0035394 
E_test = 0.00378283 
delta_E_train = 4.19633e-05 
delta_E_test = 4.34044e-05 
sigma_max_train = 0.497223 
sigma_max_test = 0.518802 
