[Results] 
model_name = 100_500_100_1_seed17 
seed = 17 
psi = -0.5 
phi = 0.0 
n_pairs = 100000 
n_points = 500000 
batch_size = 10000 
layers = 100_500_100_1 
loss function = weighted_MAPE 

n_epochs = 491 
train_time = 9149.55 
sigma_train = 0.00426804 
sigma_test = 0.00427729 
delta_sigma_train = 4.92212e-06 
delta_sigma_test = 4.91595e-06 
E_train = 3.03294e-05 
E_test = 3.03766e-05 
delta_E_train = 4.92212e-06 
delta_E_test = 4.91595e-06 
E_max_train = 0.113551 
E_max_test = 0.101867 
