[Results] 
model_name = 25 
seed = 1234 
n_pairs = 10000 
n_points = 50000 
batch_size = 10000 
function = f2 
psi = 0.0 
alpha = 1.6 
k = 1 
n_parameters = 25 
loss function = weighted_MAPE 

n_epochs = 200 
train_time = 182.404 
sigma_train = 0.399107 
sigma_test = 0.400281 
delta_sigma_train = 0.0014918 
delta_sigma_test = 0.0015035 
E_train = 0.270529 
E_test = 0.273241 
delta_E_train = 0.0025502 
delta_E_test = 0.00261508 
sigma_max_train = 3.74728 
sigma_max_test = 4.40565 
