[Results] 
model_name = 50_50_1 
seed = 1234 
n_pairs = 100000 
n_points = 500000 
batch_size = 5000 
function = f0 
psi = 2.0 
k = 4 
n_parameters = 3800 
loss function = weighted_MAPE 

n_epochs = 150 
train_time = 2577.32 
sigma_train = 0.0239882 
sigma_test = 0.0242001 
delta_sigma_train = 2.99047e-05 
delta_sigma_test = 2.99761e-05 
E_train = 0.00102272 
E_test = 0.00103493 
delta_E_train = 2.82752e-06 
delta_E_test = 2.84924e-06 
sigma_max_train = 0.315724 
sigma_max_test = 0.292039 
