[Results] 
model_name = 25 
seed = 1234 
n_pairs = 100000 
n_points = 500000 
batch_size = 5000 
function = f0 
psi = -1.0 
k = 1 
n_parameters = 25 
loss function = weighted_MAPE 

n_epochs = 2 
train_time = 18.442 
sigma_train = 1.99669 
sigma_test = 1.99654 
delta_sigma_train = 0.100042 
delta_sigma_test = 0.0969094 
E_train = 5190.54 
E_test = 4347.58 
delta_E_train = 0.100042 
delta_E_test = 0.0969094 
sigma_max_train = 19035.1 
sigma_max_test = 13875.6 
