[Results] 
model_name = 25 
seed = 1234 
n_pairs = 100000 
n_points = 500000 
batch_size = 5000 
function = f0 
psi = -1.0 
k = 1 
n_parameters = 25 
loss function = weighted_MAPE 

n_epochs = 2 
train_time = 16.707 
sigma_train = 0.370779 
sigma_test = 0.3718 
delta_sigma_train = 0.00050658 
delta_sigma_test = 0.000509067 
E_train = 0.265809 
E_test = 0.267789 
delta_E_train = 0.00050658 
delta_E_test = 0.000509067 
sigma_max_train = 4.52949 
sigma_max_test = 4.54315 
