[Results] 
model_name = 100_500_1_f0_seed17_25 
seed = 17 
psi = 2.5 
n_pairs = 100000 
n_points = 500000 
batch_size = 1000 
layers = 100_500_1 

n_epochs = 111 
train_time = 15955.664483 
sigma_train = 0.015166 
sigma_test = 0.015199 
delta_sigma_train = 0.000024 
delta_sigma_test = 0.000024 
