[Results] 
model_name = 100_500_1_f0_seed17_5 
seed = 17 
psi = 0.5 
n_pairs = 100000 
n_points = 500000 
batch_size = 1000 
layers = 100_500_1 

n_epochs = 111 
train_time = 15476.326495 
sigma_train = 0.007381 
sigma_test = 0.007392 
delta_sigma_train = 0.000011 
delta_sigma_test = 0.000011 
