[Results] 
model_name = 25 
seed = 1234 
n_pairs = 10000 
n_points = 50000 
batch_size = 10000 
function = f1 
psi = -3.0 
phi = 0.8 
k = 1 
n_parameters = 25 
loss function = weighted_MAPE 

n_epochs = 200 
train_time = 137.958 
sigma_train = 0.360818 
sigma_test = 0.362964 
delta_sigma_train = 0.00152628 
delta_sigma_test = 0.00153916 
E_train = 0.246698 
E_test = 0.25016 
delta_E_train = 0.00152628 
delta_E_test = 0.00153916 
sigma_max_train = 3.95669 
sigma_max_test = 4.16752 
