[Results] 
model_name = 25 
seed = 1234 
n_pairs = 10000 
n_points = 50000 
batch_size = 10000 
function = f0 
psi = 0.0 
k = 1 
n_parameters = 25 
loss function = weighted_MAPE 

n_epochs = 50 
train_time = 36.8279 
sigma_train = 0.371189 
sigma_test = 0.372999 
delta_sigma_train = 0.00160351 
delta_sigma_test = 0.00161982 
E_train = 0.266329 
E_test = 0.270319 
delta_E_train = 0.00160351 
delta_E_test = 0.00161982 
sigma_max_train = 4.41224 
sigma_max_test = 4.64348 
