[Results] 
model_name = 2 
seed = 1234 
n_pairs = 10000 
n_points = 50000 
batch_size = 10000 
function = f2 
psi = 1.0 
alpha = 3.0 
k = 2 
n_parameters = 225 
loss function = weighted_MAPE 

n_epochs = 200 
train_time = 166.006 
sigma_train = 0.188396 
sigma_test = 0.191432 
delta_sigma_train = 0.000680657 
delta_sigma_test = 0.000689196 
E_train = 0.0586672 
E_test = 0.0604006 
delta_E_train = 0.000410887 
delta_E_test = 0.0004267 
sigma_max_train = 1.1799 
sigma_max_test = 1.34074 
