[Results] 
model_name = 3 
seed = 1234 
n_pairs = 10000 
n_points = 50000 
batch_size = 10000 
function = f2 
psi = 1.0 
alpha = 3.0 
k = 3 
n_parameters = 1225 
loss function = weighted_MAPE 

n_epochs = 200 
train_time = 416.402 
sigma_train = 0.092499 
sigma_test = 0.0978858 
delta_sigma_train = 0.00039255 
delta_sigma_test = 0.000412823 
E_train = 0.0162643 
E_test = 0.0181 
delta_E_train = 0.000158722 
delta_E_test = 0.000180521 
sigma_max_train = 0.884472 
sigma_max_test = 0.815764 
