[Results] 
model_name = 25 
seed = 1234 
n_pairs = 10000 
n_points = 50000 
batch_size = 10000 
function = f1 
psi = 0.0 
phi = -2.0 
k = 1 
n_parameters = 25 
loss function = weighted_MAPE 

n_epochs = 50 
train_time = 35.1928 
sigma_train = 0.334647 
sigma_test = 0.335364 
delta_sigma_train = 0.00144626 
delta_sigma_test = 0.00145599 
E_train = 0.216563 
E_test = 0.218477 
delta_E_train = 0.00144626 
delta_E_test = 0.00145599 
sigma_max_train = 5.16235 
sigma_max_test = 4.75907 
