[Results] 
model_name = 25 
seed = 1234 
n_pairs = 10000 
n_points = 50000 
batch_size = 10000 
function = f1 
psi = -3.0 
phi = 2.8 
k = 1 
n_parameters = 25 
loss function = weighted_MAPE 

n_epochs = 200 
train_time = 129.494 
sigma_train = 0.314514 
sigma_test = 0.315028 
delta_sigma_train = 0.00126121 
delta_sigma_test = 0.00125877 
E_train = 0.178447 
E_test = 0.178476 
delta_E_train = 0.00126121 
delta_E_test = 0.00125877 
sigma_max_train = 5.61135 
sigma_max_test = 6.0703 
