[Results] 
model_name = 100_1000_100_1_seed1234 
seed = 1234 
psi = -1.0 
n_pairs = 100000 
n_points = 500000 
batch_size = 10000 
layers = 100_1000_100_1 
loss function = weighted_MAPE 

n_epochs = 391 
train_time = 7900.71 
sigma_train = 0.00553696 
sigma_test = 0.00556719 
delta_sigma_train = 6.40438e-06 
delta_sigma_test = 6.45923e-06 
E_train = 5.11685e-05 
E_test = 5.18559e-05 
delta_E_train = 6.40438e-06 
delta_E_test = 6.45923e-06 
E_max_train = 0.113713 
E_max_test = 0.116044 
