[Results] 
model_name = 100_200_500_seed1234 
seed = 1234 
psi = 0 
n_pairs = 100000 
n_points = 500000 
batch_size = 10000 
layers = 100_200_500 

n_epochs = 51 
train_time = 631.289619 
sigma_train = 0.004035 
sigma_test = 0.004047 
delta_sigma_train = 0.000004 
delta_sigma_test = 0.000004 
