[Results] 
model_name = 100_500_100_1_seed320 
seed = 320 
psi = -4.5 
n_pairs = 100000 
n_points = 500000 
batch_size = 10000 
layers = 100_500_100_1 
loss function = weighted_MAPE 

n_epochs = 261 
train_time = 4945.34 
sigma_train = 0.0238112 
sigma_test = 0.0245146 
delta_sigma_train = 4.72953e-05 
delta_sigma_test = 4.92295e-05 
E_train = 0.00168497 
E_test = 0.00181275 
delta_E_train = 4.72953e-05 
delta_E_test = 4.92295e-05 
E_max_train = 0.619784 
E_max_test = 0.612882 
