[Results] 
model_name = 25 
seed = 1234 
n_pairs = 10000 
n_points = 50000 
batch_size = 10000 
function = f1 
psi = 0.0 
phi = -1.0 
k = 1 
n_parameters = 25 
loss function = weighted_MAPE 

n_epochs = 50 
train_time = 36.9343 
sigma_train = 0.349799 
sigma_test = 0.350636 
delta_sigma_train = 0.00149244 
delta_sigma_test = 0.001505 
E_train = 0.233748 
E_test = 0.236265 
delta_E_train = 0.00149244 
delta_E_test = 0.001505 
sigma_max_train = 4.60384 
sigma_max_test = 4.60242 
