[Results] 
model_name = 25 
seed = 1234 
n_pairs = 10000 
n_points = 50000 
batch_size = 10000 
function = f1 
psi = 0.0 
phi = 2.0 
k = 1 
n_parameters = 25 
loss function = weighted_MAPE 

n_epochs = 200 
train_time = 128.184 
sigma_train = 0.370347 
sigma_test = 0.372498 
delta_sigma_train = 0.00160606 
delta_sigma_test = 0.00160841 
E_train = 0.266212 
E_test = 0.267972 
delta_E_train = 0.00351043 
delta_E_test = 0.00350312 
sigma_max_train = 4.48982 
sigma_max_test = 4.53139 
