[Results] 
model_name = k2 
seed = 1234 
n_pairs = 2000 
n_points = 10000 
batch_size = 10000 
function = f1 
psi = 2.0 
phi = 1.6 
k = 2 
n_parameters = 225 
loss function = weighted_MSE 

n_epochs = 666 
train_time = 11.1494 
sigma_train = 0.0796497 
sigma_test = 0.086627 
delta_sigma_train = 0.000649652 
delta_sigma_test = 0.000712235 
E_train = 0.0105645 
E_test = 0.012577 
delta_E_train = 0.000169024 
delta_E_test = 0.000198784 
sigma_max_train = 0.449376 
sigma_max_test = 0.483132 
