[Results] 
model_name = k3 
seed = 1234 
n_pairs = 2000 
n_points = 10000 
batch_size = 10000 
function = f1 
psi = 2.0 
phi = 1.6 
k = 3 
n_parameters = 1225 
loss function = weighted_MSE 

n_epochs = 666 
train_time = 97.6066 
sigma_train = 0.0526386 
sigma_test = 0.0682568 
delta_sigma_train = 0.000449778 
delta_sigma_test = 0.000598572 
E_train = 0.00479383 
E_test = 0.00824188 
delta_E_train = 8.69652e-05 
delta_E_test = 0.000146597 
sigma_max_train = 0.422207 
sigma_max_test = 0.395127 
