[Results] 
model_name = 25 
seed = 1234 
n_pairs = 10000 
n_points = 50000 
batch_size = 10000 
function = f2 
psi = -2.0 
alpha = 0.4 
k = 1 
n_parameters = 25 
loss function = weighted_MAPE 

n_epochs = 200 
train_time = 181.812 
sigma_train = 0.377818 
sigma_test = 0.38159 
delta_sigma_train = 0.00158738 
delta_sigma_test = 0.0015972 
E_train = 0.268689 
E_test = 0.273204 
delta_E_train = 0.0032655 
delta_E_test = 0.00328493 
sigma_max_train = 4.50088 
sigma_max_test = 4.4279 
