[Results] 
model_name = k2 
seed = 1234 
n_pairs = 2000 
n_points = 10000 
batch_size = 10000 
function = f1 
psi = 3.0 
phi = 1.6 
k = 2 
n_parameters = 225 
loss function = weighted_MSE 

n_epochs = 666 
train_time = 12.2228 
sigma_train = 0.0908538 
sigma_test = 0.0967873 
delta_sigma_train = 0.000750867 
delta_sigma_test = 0.000804368 
E_train = 0.0138924 
E_test = 0.0158379 
delta_E_train = 0.000223337 
delta_E_test = 0.000250279 
sigma_max_train = 0.520836 
sigma_max_test = 0.481099 
