[Results] 
model_name = k3 
seed = 1234 
n_pairs = 2000 
n_points = 10000 
batch_size = 10000 
function = f1 
psi = 3.0 
phi = 1.6 
k = 3 
n_parameters = 1225 
loss function = weighted_MSE 

n_epochs = 666 
train_time = 81.0979 
sigma_train = 0.0663453 
sigma_test = 0.0827237 
delta_sigma_train = 0.000542147 
delta_sigma_test = 0.000692489 
E_train = 0.00734093 
E_test = 0.0116386 
delta_E_train = 0.000121751 
delta_E_test = 0.000187329 
sigma_max_train = 0.433996 
sigma_max_test = 0.391017 
