[Results] 
model_name = 3 
seed = 1234 
n_pairs = 10000 
n_points = 50000 
batch_size = 10000 
function = f2 
psi = 1.0 
alpha = 2.4 
k = 3 
n_parameters = 1225 
loss function = weighted_MAPE 

n_epochs = 200 
train_time = 408.407 
sigma_train = 0.0925602 
sigma_test = 0.0955766 
delta_sigma_train = 0.000397643 
delta_sigma_test = 0.000394787 
E_train = 0.0164779 
E_test = 0.0169301 
delta_E_train = 0.000162727 
delta_E_test = 0.000161195 
sigma_max_train = 0.826244 
sigma_max_test = 0.782514 
