[Results] 
model_name = 25 
seed = 1234 
n_pairs = 10000 
n_points = 50000 
batch_size = 10000 
function = f1 
psi = -3.0 
phi = 0.0 
k = 1 
n_parameters = 25 
loss function = weighted_MAPE 

n_epochs = 200 
train_time = 130.508 
sigma_train = 0.355162 
sigma_test = 0.358188 
delta_sigma_train = 0.00152121 
delta_sigma_test = 0.00153821 
E_train = 0.241863 
E_test = 0.246602 
delta_E_train = 0.00152121 
delta_E_test = 0.00153821 
sigma_max_train = 4.0829 
sigma_max_test = 4.20098 
