[Results] 
model_name = 25 
seed = 1234 
n_pairs = 100000 
n_points = 500000 
batch_size = 5000 
function = f1 
psi = 2.0 
phi = 1.0 
k = 1 
n_parameters = 25 
loss function = weighted_MAPE 

n_epochs = 500 
train_time = 3635.32 
sigma_train = 0.37289 
sigma_test = 0.372644 
delta_sigma_train = 0.000502435 
delta_sigma_test = 0.000503854 
E_train = 0.265257 
E_test = 0.265772 
delta_E_train = 0.000502435 
delta_E_test = 0.000503854 
sigma_max_train = 4.45818 
sigma_max_test = 4.97669 
