[Results] 
model_name = 100_500_100_1_seed1234 
seed = 1234 
psi = -8.0 
n_pairs = 100000 
n_points = 500000 
batch_size = 10000 
layers = 100_500_100_1 
loss function = weighted_MAPE 

n_epochs = 71 
train_time = 1334.12 
sigma_train = 0.0449601 
sigma_test = 0.045367 
delta_sigma_train = 6.63838e-05 
delta_sigma_test = 6.7235e-05 
E_train = 0.00422468 
E_test = 0.00431846 
delta_E_train = 6.63838e-05 
delta_E_test = 6.7235e-05 
E_max_train = 0.371078 
E_max_test = 0.387401 
