[Results] 
model_name = 25 
seed = 1234 
n_pairs = 10000 
n_points = 50000 
batch_size = 10000 
function = f2 
psi = 2.0 
alpha = 3.0 
k = 1 
n_parameters = 25 
loss function = weighted_MAPE 

n_epochs = 200 
train_time = 196.133 
sigma_train = 0.37487 
sigma_test = 0.37808 
delta_sigma_train = 0.00134381 
delta_sigma_test = 0.00136371 
E_train = 0.230818 
E_test = 0.235972 
delta_E_train = 0.00189887 
delta_E_test = 0.00198341 
sigma_max_train = 3.26802 
sigma_max_test = 3.42324 
