[Results] 
model_name = 100_500_100_1_seed235 
seed = 235 
psi = -4.5 
n_pairs = 100000 
n_points = 500000 
batch_size = 10000 
layers = 100_500_100_1 
loss function = weighted_MAPE 

n_epochs = 821 
train_time = 15326.5 
sigma_train = 0.00828314 
sigma_test = 0.008886 
delta_sigma_train = 2.17838e-05 
delta_sigma_test = 2.48134e-05 
E_train = 0.000305914 
E_test = 0.000386884 
delta_E_train = 2.17838e-05 
delta_E_test = 2.48134e-05 
E_max_train = 0.432629 
E_max_test = 0.461683 
