[Results] 
model_name = 2 
seed = 1234 
n_pairs = 10000 
n_points = 50000 
batch_size = 10000 
function = f2 
psi = -1.0 
alpha = 0.4 
k = 2 
n_parameters = 225 
loss function = weighted_MAPE 

n_epochs = 200 
train_time = 171.738 
sigma_train = 0.0880637 
sigma_test = 0.0895996 
delta_sigma_train = 0.000308979 
delta_sigma_test = 0.000309338 
E_train = 0.0125259 
E_test = 0.0128124 
delta_E_train = 8.48711e-05 
delta_E_test = 8.51983e-05 
sigma_max_train = 0.508608 
sigma_max_test = 0.510782 
