[Results] 
model_name = k2 
seed = 1234 
n_pairs = 2000 
n_points = 10000 
batch_size = 10000 
function = f1 
psi = 3.0 
phi = 2.0 
k = 2 
n_parameters = 225 
loss function = weighted_MSE 

n_epochs = 666 
train_time = 14.1729 
sigma_train = 0.0932103 
sigma_test = 0.0973409 
delta_sigma_train = 0.00074125 
delta_sigma_test = 0.000774815 
E_train = 0.0141827 
E_test = 0.0154786 
delta_E_train = 0.000214534 
delta_E_test = 0.000229608 
sigma_max_train = 0.484219 
sigma_max_test = 0.471839 
