[Results] 
model_name = k3 
seed = 1234 
n_pairs = 2000 
n_points = 10000 
batch_size = 10000 
function = f1 
psi = 3.0 
phi = 2.0 
k = 3 
n_parameters = 1225 
loss function = weighted_MSE 

n_epochs = 666 
train_time = 185.81 
sigma_train = 0.0655046 
sigma_test = 0.0861346 
delta_sigma_train = 0.000531674 
delta_sigma_test = 0.00070772 
E_train = 0.00711762 
E_test = 0.0124278 
delta_E_train = 0.000116261 
delta_E_test = 0.000193462 
sigma_max_train = 0.418851 
sigma_max_test = 0.460002 
