[Results] 
model_name = 70_70_70_1 
seed = 1234 
n_pairs = 1000 
n_points = 5000 
batch_size = 5000 
function = f0 
psi = 0.0 
k = 8 
n_parameters = 11620 
loss function = weighted_MAPE 

n_epochs = 2 
train_time = 10.4789 
sigma_train = 0.00899347 
sigma_test = 0.00975332 
delta_sigma_train = 0.000104327 
delta_sigma_test = 0.00011005 
E_train = 0.000135303 
E_test = 0.000155682 
delta_E_train = 0.000104327 
delta_E_test = 0.00011005 
sigma_max_train = 0.0619348 
sigma_max_test = 0.0566469 
