[Results] 
model_name = 100_500_100_1_seed1234 
seed = 1234 
psi = -0.01 
n_pairs = 100000 
n_points = 500000 
batch_size = 10000 
layers = 100_500_100_1 
loss function = weighted_MAPE 

n_epochs = 11 
train_time = 224.288 
sigma_train = 2.67323 
sigma_test = 2.03333 
delta_sigma_train = 0.147068 
delta_sigma_test = 0.202911 
E_train = 11422.7 
E_test = 13188.4 
delta_E_train = 0.147068 
delta_E_test = 0.202911 
E_max_train = 27988.6 
E_max_test = 45328.7 
