[Results] 
model_name = 2 
seed = 1234 
n_pairs = 10000 
n_points = 50000 
batch_size = 10000 
function = f1 
psi = 2.0 
phi = 2.0 
k = 2 
n_parameters = 225 
loss function = weighted_MAPE 

n_epochs = 200 
train_time = 173.277 
sigma_train = 0.128501 
sigma_test = 0.13118 
delta_sigma_train = 0.000641045 
delta_sigma_test = 0.000644729 
E_train = 0.0370473 
E_test = 0.0379762 
delta_E_train = 0.000702439 
delta_E_test = 0.000703747 
sigma_max_train = 2.1736 
sigma_max_test = 2.19654 
