[Results] 
model_name = 3 
seed = 1234 
n_pairs = 10000 
n_points = 50000 
batch_size = 10000 
function = f1 
psi = 2.0 
phi = 2.0 
k = 3 
n_parameters = 1225 
loss function = weighted_MAPE 

n_epochs = 200 
train_time = 416.952 
sigma_train = 0.121634 
sigma_test = 0.1283 
delta_sigma_train = 0.000695842 
delta_sigma_test = 0.000715107 
E_train = 0.0390001 
E_test = 0.0420239 
delta_E_train = 0.000621417 
delta_E_test = 0.000666912 
sigma_max_train = 1.82244 
sigma_max_test = 1.97497 
