[Results] 
model_name = 25 
seed = 1234 
n_pairs = 10000 
n_points = 50000 
batch_size = 10000 
function = f2 
psi = 0.0 
alpha = 1.2 
k = 1 
n_parameters = 25 
loss function = weighted_MAPE 

n_epochs = 200 
train_time = 185.424 
sigma_train = 0.409593 
sigma_test = 0.410238 
delta_sigma_train = 0.00158293 
delta_sigma_test = 0.00158365 
E_train = 0.293078 
E_test = 0.293708 
delta_E_train = 0.00298241 
delta_E_test = 0.00301281 
sigma_max_train = 4.40528 
sigma_max_test = 4.75614 
