[Results] 
model_name = k2 
seed = 1234 
n_pairs = 2000 
n_points = 10000 
batch_size = 10000 
function = f1 
psi = 2.0 
phi = 0.4 
k = 2 
n_parameters = 225 
loss function = weighted_MSE 

n_epochs = 666 
train_time = 8.62655 
sigma_train = 0.0719184 
sigma_test = 0.0749627 
delta_sigma_train = 0.000568533 
delta_sigma_test = 0.000584059 
E_train = 0.00840456 
E_test = 0.00903066 
delta_E_train = 0.000127731 
delta_E_test = 0.000134219 
sigma_max_train = 0.453237 
sigma_max_test = 0.447927 
