[Results] 
model_name = k3 
seed = 1234 
n_pairs = 2000 
n_points = 10000 
batch_size = 10000 
function = f1 
psi = 2.0 
phi = 0.4 
k = 3 
n_parameters = 1225 
loss function = weighted_MSE 

n_epochs = 666 
train_time = 40.0237 
sigma_train = 0.046914 
sigma_test = 0.0557747 
delta_sigma_train = 0.000406433 
delta_sigma_test = 0.000483105 
E_train = 0.0038528 
E_test = 0.00544472 
delta_E_train = 6.99345e-05 
delta_E_test = 9.47694e-05 
sigma_max_train = 0.334066 
sigma_max_test = 0.364205 
