[Results] 
model_name = k4 
seed = 1234 
n_pairs = 2000 
n_points = 10000 
batch_size = 10000 
function = f1 
psi = 2.0 
phi = 0.4 
k = 4 
n_parameters = 4900 
loss function = weighted_MSE 

n_epochs = 666 
train_time = 420.34 
sigma_train = 0.00712225 
sigma_test = 0.0161384 
delta_sigma_train = 5.96279e-05 
delta_sigma_test = 0.000137381 
E_train = 8.62812e-05 
E_test = 0.000449184 
delta_E_train = 1.7256e-06 
delta_E_test = 8.4898e-06 
sigma_max_train = 0.100478 
sigma_max_test = 0.146105 
