[Results] 
model_name = 100_500_100_1_seed235 
seed = 235 
psi = -6.0 
n_pairs = 100000 
n_points = 500000 
batch_size = 10000 
layers = 100_500_100_1 
loss function = weighted_MAPE 

n_epochs = 411 
train_time = 7670.82 
sigma_train = 0.0204556 
sigma_test = 0.020784 
delta_sigma_train = 3.64298e-05 
delta_sigma_test = 3.74067e-05 
E_train = 0.00108178 
E_test = 0.0011317 
delta_E_train = 3.64298e-05 
delta_E_test = 3.74067e-05 
E_max_train = 0.457014 
E_max_test = 0.464846 
