[Results] 
model_name = 100_500_100_1_seed320 
seed = 320 
psi = 0.01 
n_pairs = 100000 
n_points = 500000 
batch_size = 10000 
layers = 100_500_100_1 
loss function = weighted_MAPE 

n_epochs = 211 
train_time = 3997.49 
sigma_train = 0.00324964 
sigma_test = 0.00327072 
delta_sigma_train = 4.80401e-06 
delta_sigma_test = 4.78517e-06 
E_train = 2.21e-05 
E_test = 2.21453e-05 
delta_E_train = 4.80401e-06 
delta_E_test = 4.78517e-06 
E_max_train = 0.00647079 
E_max_test = 0.00626236 
