[Results] 
model_name = 100_500_100_1_seed320 
seed = 320 
psi = 0.01 
n_pairs = 100000 
n_points = 500000 
batch_size = 10000 
layers = 100_500_100_1 
loss function = weighted_MAPE 

n_epochs = 211 
train_time = 3997.49 
sigma_train = 0.00324978 
sigma_test = 0.00327064 
delta_sigma_train = 4.80398e-06 
delta_sigma_test = 4.78503e-06 
E_train = 2.21e-05 
E_test = 2.21455e-05 
delta_E_train = 4.80398e-06 
delta_E_test = 4.78503e-06 
E_max_train = 0.230967 
E_max_test = 0.199422 
