[Results] 
model_name = 100_200_500_seed320 
seed = 320 
psi = 0 
n_pairs = 100000 
n_points = 500000 
batch_size = 10000 
layers = 100_200_500 

n_epochs = 41 
train_time = 478.267265 
sigma_train = 0.004181 
sigma_test = 0.004193 
delta_sigma_train = 0.000004 
delta_sigma_test = 0.000004 
