psi= 0.5
k= 8
n_points= 10000
seed= 234
rate= 1.0 n_epochs= 10000
train= 0.18732372
test= 0.21376145
delta_sigma_train= 0.0005858895282181157
delta_sigma_test= 0.0006232812613991453
