psi= 0.5
k= 2
n_points= 10000
seed= 123
rate= 1.0 n_epochs= 10000
train= 0.054224964
test= 0.0547539
delta_sigma_train= 0.00018702812346973907
delta_sigma_test= 0.00018678587156974486
