psi= 0.5
k= 3
n_points= 10000
seed= 123
rate= 1.0 n_epochs= 10000
train= 0.028637648
test= 0.029877251
delta_sigma_train= 0.0001306013474256987
delta_sigma_test= 0.00013029700577911517
