psi= 0.5
k= 4
n_points= 10000
seed= 123
rate= 1.0 n_epochs= 10000
train= 0.0057034353
test= 0.0065746573
delta_sigma_train= 3.399225019905572e-05
delta_sigma_test= 3.3973528726460476e-05
