[Results] 
model_name = 3 
seed = 1234 
n_pairs = 10000 
n_points = 50000 
batch_size = 10000 
function = f1 
psi = -2.0 
phi = 2.0 
k = 3 
n_parameters = 1225 
loss function = weighted_MAPE 

n_epochs = 200 
train_time = 393.387 
sigma_train = 0.126173 
sigma_test = 0.132388 
delta_sigma_train = 0.000746685 
delta_sigma_test = 0.000760906 
E_train = 0.0437763 
E_test = 0.0464616 
delta_E_train = 0.000670529 
delta_E_test = 0.000727038 
sigma_max_train = 2.02251 
sigma_max_test = 2.1911 
