[Results] 
model_name = 2 
seed = 1234 
n_pairs = 10000 
n_points = 50000 
batch_size = 10000 
function = f1 
psi = 3.0 
phi = 0.8 
k = 2 
n_parameters = 225 
loss function = weighted_MAPE 

n_epochs = 200 
train_time = 183.34 
sigma_train = 0.089004 
sigma_test = 0.0906642 
delta_sigma_train = 0.000338243 
delta_sigma_test = 0.00034208 
E_train = 0.0136419 
E_test = 0.0140721 
delta_E_train = 0.000100159 
delta_E_test = 0.000103597 
sigma_max_train = 0.522568 
sigma_max_test = 0.526263 
