[Results] 
model_name = 3 
seed = 1234 
n_pairs = 10000 
n_points = 50000 
batch_size = 10000 
function = f1 
psi = 3.0 
phi = 0.8 
k = 3 
n_parameters = 1225 
loss function = weighted_MAPE 

n_epochs = 200 
train_time = 399.468 
sigma_train = 0.0668103 
sigma_test = 0.0710073 
delta_sigma_train = 0.000275504 
delta_sigma_test = 0.000281774 
E_train = 0.0082583 
E_test = 0.00901326 
delta_E_train = 7.0843e-05 
delta_E_test = 7.61984e-05 
sigma_max_train = 0.484349 
sigma_max_test = 0.479447 
