[Results] 
model_name = 100_500_100_1_seed1729 
seed = 1729 
psi = -0.5 
phi = 5.0 
n_pairs = 100000 
n_points = 500000 
batch_size = 10000 
layers = 100_500_100_1 
loss function = weighted_MSE 

n_epochs = 561 
train_time = 6406.31 
sigma_train = 0.012639 
sigma_test = 0.0126985 
delta_sigma_train = 1.50248e-05 
delta_sigma_test = 1.51422e-05 
E_train = 0.000272635 
E_test = 0.000275876 
delta_E_train = 1.50248e-05 
delta_E_test = 1.51422e-05 
E_max_train = 0.0949906 
E_max_test = 0.0950023 
