[Results] 
model_name = 100_500_100_1_seed1234 
seed = 1234 
psi = 0.0 
n_pairs = 100000 
n_points = 500000 
batch_size = 10000 
layers = 100_500_100_1 
loss function = weighted_MAPE 

n_epochs = 531 
train_time = 10440.7 
sigma_train = 0.00249872 
sigma_test = 0.00251172 
delta_sigma_train = 2.88864e-06 
delta_sigma_test = 2.90339e-06 
E_train = 1.04155e-05 
E_test = 1.05232e-05 
delta_E_train = 2.88864e-06 
delta_E_test = 2.90339e-06 
E_max_train = 0.064663 
E_max_test = 0.0610023 
