[Results] 
model_name = 25 
seed = 1234 
n_pairs = 10000 
n_points = 50000 
batch_size = 10000 
function = f1 
psi = 2.0 
phi = 2.0 
k = 1 
n_parameters = 25 
loss function = weighted_MAPE 

n_epochs = 50 
train_time = 36.8881 
sigma_train = 0.55211 
sigma_test = 0.55206 
delta_sigma_train = 0.00298728 
delta_sigma_test = 0.00296811 
E_train = 0.750805 
E_test = 0.745176 
delta_E_train = 0.00298728 
delta_E_test = 0.00296811 
sigma_max_train = 24.5538 
sigma_max_test = 26.8693 
