[Results] 
model_name = 100_500_100_seed235 
seed = 235 
psi = -1 
n_pairs = 100000 
n_points = 500000 
batch_size = 10000 
layers = 100_500_100 

n_epochs = 51 
train_time = 1434.118697 
sigma_train = 0.006029 
sigma_test = 0.006133 
delta_sigma_train = 0.000007 
delta_sigma_test = 0.000007 
