[Results] 
model_name = 25 
seed = 1234 
n_pairs = 10000 
n_points = 50000 
batch_size = 10000 
function = f2 
psi = 2.0 
alpha = 2.8 
k = 1 
n_parameters = 25 
loss function = weighted_MAPE 

n_epochs = 200 
train_time = 181.535 
sigma_train = 0.379433 
sigma_test = 0.381911 
delta_sigma_train = 0.00136418 
delta_sigma_test = 0.00138144 
E_train = 0.23702 
E_test = 0.241299 
delta_E_train = 0.00196597 
delta_E_test = 0.00204885 
sigma_max_train = 3.35342 
sigma_max_test = 3.50515 
