[Results] 
model_name = 100_500_100_1_seed1234 
seed = 1234 
psi = -6.0 
n_pairs = 100000 
n_points = 500000 
batch_size = 1000 
layers = 100_500_100_1 
loss function = weighted_MAPE 

n_epochs = 171 
train_time = 6061.75 
sigma_train = 0.00814846 
sigma_test = 0.0087434 
delta_sigma_train = 1.70668e-05 
delta_sigma_test = 1.94995e-05 
E_train = 0.000211905 
E_test = 0.000266421 
delta_E_train = 1.70668e-05 
delta_E_test = 1.94995e-05 
E_max_train = 0.273101 
E_max_test = 0.280446 
