[Results] 
model_name = 50_50_1 
seed = 1234 
n_pairs = 100000 
n_points = 500000 
batch_size = 5000 
function = f0 
psi = 0.0 
k = 4 
n_parameters = 3800 
loss function = weighted_MAPE 

n_epochs = 150 
train_time = 1704.24 
sigma_train = 0.00583249 
sigma_test = 0.0058777 
delta_sigma_train = 1.0131e-05 
delta_sigma_test = 1.0218e-05 
E_train = 8.53443e-05 
E_test = 8.67496e-05 
delta_E_train = 8.05597e-07 
delta_E_test = 8.34041e-07 
sigma_max_train = 0.255203 
sigma_max_test = 0.2483 
