[Results] 
model_name = 100_500_100_1_seed320 
seed = 320 
psi = -10.0 
n_pairs = 100000 
n_points = 500000 
batch_size = 10000 
layers = 100_500_100_1 
loss function = weighted_MAPE 

n_epochs = 11 
train_time = 152.561 
sigma_train = 0.729929 
sigma_test = 0.730179 
delta_sigma_train = 0.000937517 
delta_sigma_test = 0.000938382 
E_train = 0.972301 
E_test = 0.973299 
delta_E_train = 0.000937517 
delta_E_test = 0.000938382 
E_max_train = 18.28 
E_max_test = 16.6514 
