[Results] 
model_name = 100_200_500_seed235 
seed = 235 
psi = -5 
n_pairs = 100000 
n_points = 500000 
batch_size = 10000 
layers = 100_200_500 

n_epochs = 61 
train_time = 715.347399 
sigma_train = 0.024183 
sigma_test = 0.025627 
delta_sigma_train = 0.000057 
delta_sigma_test = 0.000064 
