[Results] 
model_name = 25 
seed = 1234 
n_pairs = 10000 
n_points = 50000 
batch_size = 10000 
function = f2 
psi = 0.0 
alpha = 0.8 
k = 1 
n_parameters = 25 
loss function = weighted_MAPE 

n_epochs = 200 
train_time = 182.636 
sigma_train = 0.410548 
sigma_test = 0.412139 
delta_sigma_train = 0.00165858 
delta_sigma_test = 0.00165646 
E_train = 0.306013 
E_test = 0.30707 
delta_E_train = 0.00343407 
delta_E_test = 0.00343332 
sigma_max_train = 4.68737 
sigma_max_test = 5.19536 
