[Results] 
model_name = 25 
seed = 1234 
n_pairs = 10000 
n_points = 50000 
batch_size = 10000 
function = f1 
psi = 2.0 
phi = 2.4 
k = 1 
n_parameters = 25 
loss function = weighted_MAPE 

n_epochs = 200 
train_time = 130.79 
sigma_train = 0.336167 
sigma_test = 0.336729 
delta_sigma_train = 0.00134504 
delta_sigma_test = 0.00134227 
E_train = 0.203372 
E_test = 0.20358 
delta_E_train = 0.0022988 
delta_E_test = 0.00228635 
sigma_max_train = 4.98182 
sigma_max_test = 5.3069 
