[Results] 
model_name = 1000_500_500_100_1_seed1234 
seed = 1234 
psi = 0.5 
n_pairs = 100000 
n_points = 500000 
batch_size = 1000 
layers = 1000_500_500_100_1 
loss function = weighted_MAPE 

n_epochs = 120 
train_time = 5557.6 
sigma_train = 0.00205423 
sigma_test = 0.00206213 
delta_sigma_train = 2.26676e-06 
delta_sigma_test = 2.27546e-06 
E_train = 6.78806e-06 
E_test = 6.84103e-06 
delta_E_train = 2.26676e-06 
delta_E_test = 2.27546e-06 
E_max_train = 0.0148163 
E_max_test = 0.0144105 
