[Results] 
model_name = 1000_500_500_500_1_seed1234 
seed = 1234 
psi = 0.5 
n_pairs = 100000 
n_points = 500000 
batch_size = 1000 
layers = 1000_500_500_500_1 
loss function = weighted_MAPE 

n_epochs = 130 
train_time = 6630.98 
sigma_train = 0.00221289 
sigma_test = 0.00222786 
delta_sigma_train = 2.41147e-06 
delta_sigma_test = 2.42582e-06 
E_train = 7.80414e-06 
E_test = 7.90725e-06 
delta_E_train = 2.41147e-06 
delta_E_test = 2.42582e-06 
E_max_train = 0.0128918 
E_max_test = 0.0130406 
