[Results] 
model_name = 100_500_500_100_1_seed1234 
seed = 1234 
psi = 0.5 
n_pairs = 100000 
n_points = 500000 
batch_size = 1000 
layers = 100_500_500_100_1 
loss function = weighted_MAPE 

n_epochs = 111 
train_time = 3829.78 
sigma_train = 0.00264733 
sigma_test = 0.00267055 
delta_sigma_train = 2.92553e-06 
delta_sigma_test = 2.95e-06 
E_train = 1.12864e-05 
E_test = 1.14838e-05 
delta_E_train = 2.92553e-06 
delta_E_test = 2.95e-06 
E_max_train = 0.0118711 
E_max_test = 0.0120391 
