[Results] 
model_name = 100_300_300_300_1_seed1357 
seed = 1357 
psi = 0.5 
n_pairs = 100000 
n_points = 500000 
batch_size = 1000 
layers = 100_300_300_300_1 
loss function = weighted_MAPE 

n_epochs = 200 
train_time = 11779.7 
sigma_train = 0.00194561 
sigma_test = 0.00197258 
delta_sigma_train = 2.13199e-06 
delta_sigma_test = 2.16832e-06 
E_train = 6.05618e-06 
E_test = 6.24182e-06 
delta_E_train = 2.13199e-06 
delta_E_test = 2.16832e-06 
E_max_train = 0.0137743 
E_max_test = 0.0120673 
