[Results] 
model_name = 100_500_500_500_1_seed1234 
seed = 1234 
psi = 0.5 
n_pairs = 100000 
n_points = 500000 
batch_size = 1000 
layers = 100_500_500_500_1 
loss function = weighted_MAPE 

n_epochs = 111 
train_time = 4399.86 
sigma_train = 0.00294392 
sigma_test = 0.00296522 
delta_sigma_train = 3.19154e-06 
delta_sigma_test = 3.21631e-06 
E_train = 1.37586e-05 
E_test = 1.39632e-05 
delta_E_train = 3.19154e-06 
delta_E_test = 3.21631e-06 
E_max_train = 0.0134471 
E_max_test = 0.01363 
