[Results] 
model_name = 100_500_500_100_1_seed2345 
seed = 2345 
psi = 0.5 
n_pairs = 100000 
n_points = 500000 
batch_size = 1000 
layers = 100_500_500_100_1 
loss function = weighted_MAPE 

n_epochs = 81 
train_time = 3041.76 
sigma_train = 0.00354245 
sigma_test = 0.00357533 
delta_sigma_train = 3.82893e-06 
delta_sigma_test = 3.86727e-06 
E_train = 1.98786e-05 
E_test = 2.02649e-05 
delta_E_train = 3.82893e-06 
delta_E_test = 3.86727e-06 
E_max_train = 0.0155619 
E_max_test = 0.0156652 
