[Results] 
model_name = 100_500_500_500_1_seed2345 
seed = 2345 
psi = 0.5 
n_pairs = 100000 
n_points = 500000 
batch_size = 1000 
layers = 100_500_500_500_1 
loss function = weighted_MAPE 

n_epochs = 71 
train_time = 2828.49 
sigma_train = 0.00310402 
sigma_test = 0.0031338 
delta_sigma_train = 3.37418e-06 
delta_sigma_test = 3.41728e-06 
E_train = 1.53301e-05 
E_test = 1.56585e-05 
delta_E_train = 3.37418e-06 
delta_E_test = 3.41728e-06 
E_max_train = 0.013877 
E_max_test = 0.0142216 
