[Results] 
model_name = 300_300_300_300_1_seed1357 
seed = 1357 
psi = 0.5 
n_pairs = 100000 
n_points = 500000 
batch_size = 1000 
layers = 300_300_300_300_1 
loss function = weighted_MAPE 

n_epochs = 200 
train_time = 12709.5 
sigma_train = 0.00176075 
sigma_test = 0.0017675 
delta_sigma_train = 1.87071e-06 
delta_sigma_test = 1.86985e-06 
E_train = 4.84931e-06 
E_test = 4.87182e-06 
delta_E_train = 1.87071e-06 
delta_E_test = 1.86985e-06 
E_max_train = 0.0100394 
E_max_test = 0.0114465 
