[Results] 
model_name = 300_300_100_300_1_seed1357 
seed = 1357 
psi = 0.5 
n_pairs = 100000 
n_points = 500000 
batch_size = 1000 
layers = 300_300_100_300_1 
loss function = weighted_MAPE 

n_epochs = 200 
train_time = 11661.1 
sigma_train = 0.00170954 
sigma_test = 0.00171649 
delta_sigma_train = 1.84137e-06 
delta_sigma_test = 1.85114e-06 
E_train = 4.61831e-06 
E_test = 4.65969e-06 
delta_E_train = 1.84137e-06 
delta_E_test = 1.85114e-06 
E_max_train = 0.00999232 
E_max_test = 0.0104278 
