[Results] 
model_name = 500_1000_500_100_1_seed1234 
seed = 1234 
psi = 0.5 
n_pairs = 100000 
n_points = 500000 
batch_size = 1000 
layers = 500_1000_500_100_1 
loss function = weighted_MAPE 

n_epochs = 120 
train_time = 5803.62 
sigma_train = 0.00202603 
sigma_test = 0.002039 
delta_sigma_train = 2.17946e-06 
delta_sigma_test = 2.19659e-06 
E_train = 6.48037e-06 
E_test = 6.56985e-06 
delta_E_train = 2.17946e-06 
delta_E_test = 2.19659e-06 
E_max_train = 0.0128142 
E_max_test = 0.0127144 
