[Results] 
model_name = 500_500_500_100_1_seed2345 
seed = 2345 
psi = 0.5 
n_pairs = 100000 
n_points = 500000 
batch_size = 1000 
layers = 500_500_500_100_1 
loss function = weighted_MAPE 

n_epochs = 160 
train_time = 6247.37 
sigma_train = 0.00177279 
sigma_test = 0.00178149 
delta_sigma_train = 1.91667e-06 
delta_sigma_test = 1.93431e-06 
E_train = 4.97997e-06 
E_test = 5.04489e-06 
delta_E_train = 1.91667e-06 
delta_E_test = 1.93431e-06 
E_max_train = 0.0125741 
E_max_test = 0.011547 
