[Results] 
model_name = 500_500_500_2000_1_seed2345 
seed = 2345 
psi = 0.5 
n_pairs = 100000 
n_points = 500000 
batch_size = 1000 
layers = 500_500_500_2000_1 
loss function = weighted_MAPE 

n_epochs = 130 
train_time = 8212.43 
sigma_train = 0.0024635 
sigma_test = 0.00246441 
delta_sigma_train = 2.63513e-06 
delta_sigma_test = 2.6355e-06 
E_train = 9.54221e-06 
E_test = 9.54742e-06 
delta_E_train = 2.63513e-06 
delta_E_test = 2.6355e-06 
E_max_train = 0.0140753 
E_max_test = 0.0144413 
