[Results] 
model_name = 500_1000_500_100_1_seed1235 
seed = 1235 
psi = 0.5 
n_pairs = 100000 
n_points = 500000 
batch_size = 1000 
layers = 500_1000_500_100_1 
loss function = weighted_MAPE 

n_epochs = 120 
train_time = 5886.49 
sigma_train = 0.00222082 
sigma_test = 0.00223288 
delta_sigma_train = 2.45738e-06 
delta_sigma_test = 2.46611e-06 
E_train = 7.95061e-06 
E_test = 8.02648e-06 
delta_E_train = 2.45738e-06 
delta_E_test = 2.46611e-06 
E_max_train = 0.0143867 
E_max_test = 0.016238 
