[Results] 
model_name = 500_300_300_300_1_seed1357 
seed = 1357 
psi = 0.5 
n_pairs = 100000 
n_points = 500000 
batch_size = 1000 
layers = 500_300_300_300_1 
loss function = weighted_MAPE 

n_epochs = 200 
train_time = 13400.9 
sigma_train = 0.00156602 
sigma_test = 0.00157876 
delta_sigma_train = 1.75553e-06 
delta_sigma_test = 1.77374e-06 
E_train = 3.99352e-06 
E_test = 4.06533e-06 
delta_E_train = 1.75553e-06 
delta_E_test = 1.77374e-06 
E_max_train = 0.0102205 
E_max_test = 0.010878 
