[Results] 
model_name = f2_500_500_500_1000_1_seed1357 
seed = 1357 
psi = 0.5 
n_pairs = 100000 
n_points = 500000 
batch_size = 1000 
layers = 500_500_500_1000_1 
loss function = weighted_MAPE 

n_epochs = 200 
train_time = 18300.7 
sigma_train = 2.8766 
sigma_test = 2.35256 
delta_sigma_train = 0.0898113 
delta_sigma_test = 14.38 
E_train = 11466.7 
E_test = 15571.3 
delta_E_train = 0.0898113 
delta_E_test = 14.38 
E_max_train = 57404.3 
E_max_test = 44758.9 
