[Results] 
model_name = k3 
seed = 1234 
n_pairs = 2000 
n_points = 10000 
batch_size = 10000 
function = f1 
psi = -1.0 
phi = 2.4 
k = 3 
n_parameters = 1225 
loss function = weighted_MSE 

n_epochs = 666 
train_time = 445.283 
sigma_train = 0.0350702 
sigma_test = 0.0911467 
delta_sigma_train = 0.00035541 
delta_sigma_test = 0.000848841 
E_train = 0.00249308 
E_test = 0.015513 
delta_E_train = 5.26887e-05 
delta_E_test = 0.000299957 
sigma_max_train = 0.346489 
sigma_max_test = 0.527536 
