[Results] 
model_name = 3 
seed = 1234 
n_pairs = 10000 
n_points = 50000 
batch_size = 10000 
function = f1 
psi = 2.0 
phi = 3.0 
k = 3 
n_parameters = 1225 
loss function = weighted_MAPE 

n_epochs = 200 
train_time = 410.104 
sigma_train = 0.123936 
sigma_test = 0.1311 
delta_sigma_train = 0.000739667 
delta_sigma_test = 0.000765939 
E_train = 0.0427186 
E_test = 0.0465287 
delta_E_train = 0.000693465 
delta_E_test = 0.00075759 
sigma_max_train = 2.02109 
sigma_max_test = 2.26599 
