[Results] 
model_name = 2 
seed = 1234 
n_pairs = 10000 
n_points = 50000 
batch_size = 10000 
function = f2 
psi = -2.0 
alpha = 2.8 
k = 2 
n_parameters = 225 
loss function = weighted_MAPE 

n_epochs = 200 
train_time = 195.198 
sigma_train = 0.18483 
sigma_test = 0.187827 
delta_sigma_train = 0.000665759 
delta_sigma_test = 0.000672715 
E_train = 0.0563109 
E_test = 0.0579007 
delta_E_train = 0.000389624 
delta_E_test = 0.000404791 
sigma_max_train = 1.17233 
sigma_max_test = 1.36073 
