[Results] 
model_name = 3 
seed = 1234 
n_pairs = 10000 
n_points = 50000 
batch_size = 10000 
function = f2 
psi = -2.0 
alpha = 2.8 
k = 3 
n_parameters = 1225 
loss function = weighted_MAPE 

n_epochs = 200 
train_time = 407.534 
sigma_train = 0.0894739 
sigma_test = 0.0952141 
delta_sigma_train = 0.000371447 
delta_sigma_test = 0.000394136 
E_train = 0.0148982 
E_test = 0.0168372 
delta_E_train = 0.000137433 
delta_E_test = 0.00016509 
sigma_max_train = 0.776127 
sigma_max_test = 0.771787 
