[Results] 
model_name = 100_1000_100_1_seed1234 
seed = 1234 
psi = -5.0 
n_pairs = 100000 
n_points = 500000 
batch_size = 10000 
layers = 100_1000_100_1 
loss function = weighted_MAPE 

n_epochs = 31 
train_time = 633.276 
sigma_train = 0.478263 
sigma_test = 0.47846 
delta_sigma_train = 0.000623308 
delta_sigma_test = 0.000624884 
E_train = 0.422965 
E_test = 0.424202 
delta_E_train = 0.000623308 
delta_E_test = 0.000624884 
E_max_train = 13.1334 
E_max_test = 13.7664 
