[Results] 
model_name = 50_100_200_seed1234 
seed = 1234 
psi = -4.5 
n_pairs = 100000 
n_points = 500000 
batch_size = 1000 
layers = 50_100_200 

n_epochs = 181 
train_time = 5168.382395 
sigma_train = 0.022202 
sigma_test = 0.022777 
delta_sigma_train = 0.000045 
delta_sigma_test = 0.000047 
