[Results] 
model_name = k2 
seed = 1234 
n_pairs = 2000 
n_points = 10000 
batch_size = 10000 
function = f2 
psi = 0.0 
alpha = 0.8 
k = 2 
n_parameters = 225 
loss function = weighted_MSE 

n_epochs = 666 
train_time = 10.7637 
sigma_train = 0.132786 
sigma_test = 0.137262 
delta_sigma_train = 0.00105478 
delta_sigma_test = 0.00109236 
E_train = 0.0287578 
E_test = 0.0307733 
delta_E_train = 0.000432127 
delta_E_test = 0.000473095 
sigma_max_train = 0.626997 
sigma_max_test = 0.739863 
