[Results] 
model_name = k3 
seed = 1234 
n_pairs = 2000 
n_points = 10000 
batch_size = 10000 
function = f2 
psi = 0.0 
alpha = 0.8 
k = 3 
n_parameters = 1225 
loss function = weighted_MSE 

n_epochs = 666 
train_time = 43.3814 
sigma_train = 0.0575975 
sigma_test = 0.070645 
delta_sigma_train = 0.000473875 
delta_sigma_test = 0.000606466 
E_train = 0.00556305 
E_test = 0.00866873 
delta_E_train = 9.41053e-05 
delta_E_test = 0.000165735 
sigma_max_train = 0.368241 
sigma_max_test = 0.527079 
