[Results] 
model_name = k4 
seed = 1234 
n_pairs = 2000 
n_points = 10000 
batch_size = 10000 
function = f2 
psi = 0.0 
alpha = 0.8 
k = 4 
n_parameters = 4900 
loss function = weighted_MSE 

n_epochs = 666 
train_time = 562.72 
sigma_train = 0.0142582 
sigma_test = 0.037173 
delta_sigma_train = 0.000118376 
delta_sigma_test = 0.000345792 
E_train = 0.000343423 
E_test = 0.00257755 
delta_E_train = 5.94633e-06 
delta_E_test = 6.94502e-05 
sigma_max_train = 0.118264 
sigma_max_test = 0.440337 
