[Results] 
model_name = 100_500_100_1_seed235 
seed = 235 
psi = -15.0 
n_pairs = 100000 
n_points = 500000 
batch_size = 10000 
layers = 100_500_100_1 
loss function = weighted_MAPE 

n_epochs = 341 
train_time = 6355.3 
sigma_train = 0.00623931 
sigma_test = 0.00627382 
delta_sigma_train = 7.01305e-06 
delta_sigma_test = 7.06496e-06 
E_train = 6.35219e-05 
E_test = 6.43153e-05 
delta_E_train = 7.01305e-06 
delta_E_test = 7.06496e-06 
E_max_train = 0.0488561 
E_max_test = 0.0560541 
