[Results] 
model_name = 100_500_100_1_seed235 
seed = 235 
psi = -15.0 
n_pairs = 100000 
n_points = 500000 
batch_size = 10000 
layers = 100_500_100_1 
loss function = weighted_MAPE 

n_epochs = 341 
train_time = 6355.3 
sigma_train = 0.00623939 
sigma_test = 0.00627381 
delta_sigma_train = 7.01315e-06 
delta_sigma_test = 7.06481e-06 
E_train = 6.35216e-05 
E_test = 6.4312e-05 
delta_E_train = 7.01315e-06 
delta_E_test = 7.06481e-06 
E_max_train = 0.0394601 
E_max_test = 0.0398735 
