[Results] 
model_name = 2 
seed = 1234 
n_pairs = 10000 
n_points = 50000 
batch_size = 10000 
function = f1 
psi = -3.0 
phi = 2.0 
k = 2 
n_parameters = 225 
loss function = weighted_MAPE 

n_epochs = 200 
train_time = 179.913 
sigma_train = 0.130229 
sigma_test = 0.131092 
delta_sigma_train = 0.000608678 
delta_sigma_test = 0.000609802 
E_train = 0.0354846 
E_test = 0.0357803 
delta_E_train = 0.000492011 
delta_E_test = 0.000499158 
sigma_max_train = 1.68705 
sigma_max_test = 1.68332 
