[Results] 
model_name = 25 
seed = 1234 
n_pairs = 10000 
n_points = 50000 
batch_size = 10000 
function = f1 
psi = -1.0 
phi = 0.8 
k = 1 
n_parameters = 25 
loss function = weighted_MAPE 

n_epochs = 200 
train_time = 127.419 
sigma_train = 0.376598 
sigma_test = 0.378965 
delta_sigma_train = 0.00161716 
delta_sigma_test = 0.0016288 
E_train = 0.272569 
E_test = 0.276304 
delta_E_train = 0.00161716 
delta_E_test = 0.0016288 
sigma_max_train = 4.45522 
sigma_max_test = 4.54398 
