[Results] 
model_name = 50_100_200_seed235 
seed = 235 
psi = -2 
n_pairs = 100000 
n_points = 500000 
batch_size = 1000 
layers = 50_100_200 

n_epochs = 41 
train_time = 1166.993891 
sigma_train = 0.029494 
sigma_test = 0.029579 
delta_sigma_train = 0.000042 
delta_sigma_test = 0.000042 
