[Results] 
model_name = 3 
seed = 1234 
n_pairs = 10000 
n_points = 50000 
batch_size = 10000 
function = f1 
psi = 1.0 
phi = 1.6 
k = 3 
n_parameters = 1225 
loss function = weighted_MAPE 

n_epochs = 200 
train_time = 422.234 
sigma_train = 0.0657839 
sigma_test = 0.0689417 
delta_sigma_train = 0.000378151 
delta_sigma_test = 0.000387775 
E_train = 0.0114784 
E_test = 0.0122746 
delta_E_train = 0.000191477 
delta_E_test = 0.000201618 
sigma_max_train = 1.19438 
sigma_max_test = 1.26067 
