[Results] 
model_name = k2 
seed = 1234 
n_pairs = 2000 
n_points = 10000 
batch_size = 10000 
function = f2 
psi = 2.0 
alpha = 3.0 
k = 2 
n_parameters = 225 
loss function = weighted_MSE 

n_epochs = 666 
train_time = 9.24238 
sigma_train = 0.187786 
sigma_test = 0.193987 
delta_sigma_train = 0.00146429 
delta_sigma_test = 0.00154166 
E_train = 0.0567051 
E_test = 0.0613981 
delta_E_train = 0.000845192 
delta_E_test = 0.000939306 
sigma_max_train = 0.935344 
sigma_max_test = 0.949298 
