[Results] 
model_name = k3 
seed = 1234 
n_pairs = 2000 
n_points = 10000 
batch_size = 10000 
function = f2 
psi = 2.0 
alpha = 3.0 
k = 3 
n_parameters = 1225 
loss function = weighted_MSE 

n_epochs = 666 
train_time = 48.4812 
sigma_train = 0.0820742 
sigma_test = 0.102929 
delta_sigma_train = 0.000660508 
delta_sigma_test = 0.000923914 
E_train = 0.0110989 
E_test = 0.0191305 
delta_E_train = 0.00018055 
delta_E_test = 0.000380481 
sigma_max_train = 0.457955 
sigma_max_test = 0.822756 
