[Results] 
model_name = 2 
seed = 1234 
n_pairs = 10000 
n_points = 50000 
batch_size = 10000 
function = f1 
psi = -1.0 
phi = 3.0 
k = 2 
n_parameters = 225 
loss function = weighted_MAPE 

n_epochs = 200 
train_time = 182.772 
sigma_train = 0.147531 
sigma_test = 0.147617 
delta_sigma_train = 0.000717617 
delta_sigma_test = 0.000720591 
E_train = 0.0475046 
E_test = 0.0477561 
delta_E_train = 0.0010086 
delta_E_test = 0.00101528 
sigma_max_train = 2.88665 
sigma_max_test = 2.87311 
