[Results] 
model_name = 3 
seed = 1234 
n_pairs = 10000 
n_points = 50000 
batch_size = 10000 
function = f1 
psi = -1.0 
phi = 3.0 
k = 3 
n_parameters = 1225 
loss function = weighted_MAPE 

n_epochs = 200 
train_time = 399.025 
sigma_train = 0.120114 
sigma_test = 0.127781 
delta_sigma_train = 0.00078144 
delta_sigma_test = 0.000806423 
E_train = 0.0449577 
E_test = 0.0488359 
delta_E_train = 0.000837401 
delta_E_test = 0.000908044 
sigma_max_train = 2.51132 
sigma_max_test = 2.82954 
