[Results] 
model_name = 500_500_100_1_seed1234 
seed = 1234 
psi = -0.5 
alpha = 1.35 
n_pairs = 100000 
n_points = 500000 
batch_size = 1000 
layers = 500_500_100_1 
loss function = weighted_MAPE 

n_epochs = 31 
train_time = 1204.22 
sigma_train = 0.17768 
sigma_test = 0.177947 
delta_sigma_train = 0.000209162 
delta_sigma_test = 0.000208489 
E_train = 0.0534566 
E_test = 0.0533991 
delta_E_train = 0.000209162 
delta_E_test = 0.000208489 
E_max_train = 0.807238 
E_max_test = 0.80718 
