phi= 0.2
psi= 0.5
k= 1
n_points= 10000
seed= 17
rate= 1.0 n_epochs= 1000000
train= 0.3722528
test= 0.37617958
delta_sigma_train= 0.001607356592755404
delta_sigma_test= 0.001647905815400648
