phi= 0.5
psi= 0.5
k= 1
n_points= 10000
seed= 17
rate= 1.0 n_epochs= 1000000
train= 0.375991
test= 0.37993947
delta_sigma_train= 0.00162207764331647
delta_sigma_test= 0.001662721783321871
