phi= 2.0
psi= 0.5
k= 1
n_points= 10000
seed= 17
rate= 1.0 n_epochs= 1000000
train= 0.37179014
test= 0.37463337
delta_sigma_train= 0.0016112949252320768
delta_sigma_test= 0.0016376209003282737
