phi= 0.8
psi= 0.5
k= 1
n_points= 10000
seed= 17
rate= 1.0 n_epochs= 1000000
train= 0.37905556
test= 0.38268137
delta_sigma_train= 0.00163118946138493
delta_sigma_test= 0.0016724726954399547
