phi= 0.7
psi= 0.5
k= 1
n_points= 10000
seed= 17
rate= 1.0 n_epochs= 1000000
train= 0.37819678
test= 0.38198057
delta_sigma_train= 0.0016285339039677769
delta_sigma_test= 0.0016696391619239988
