phi= 0.9
psi= 0.5
k= 1
n_points= 10000
seed= 17
rate= 1.0 n_epochs= 1000000
train= 0.37973744
test= 0.3832909
delta_sigma_train= 0.001632979243037375
delta_sigma_test= 0.001674783600877413
