phi= 0.1
psi= 0.5
k= 1
n_points= 10000
seed= 17
rate= 1.0 n_epochs= 1000000
train= 0.37135267
test= 0.3754001
delta_sigma_train= 0.0016045579577552457
delta_sigma_test= 0.001644997809185436
