phi= 0.6
psi= 0.5
k= 1
n_points= 10000
seed= 17
rate= 1.0 n_epochs= 1000000
train= 0.3771516
test= 0.38105407
delta_sigma_train= 0.0016259293649599357
delta_sigma_test= 0.0016667529818913136
