phi= 0.9
psi= 0.5
k= 2
n_points= 10000
seed= 17
rate= 1.0 n_epochs= 1000000
train= 0.06538261
test= 0.06601747
delta_sigma_train= 0.00022102398883855584
delta_sigma_test= 0.00022415780201069774
