phi= 0.8
psi= 0.5
k= 2
n_points= 10000
seed= 17
rate= 1.0 n_epochs= 1000000
train= 0.06423475
test= 0.064975105
delta_sigma_train= 0.00021813157060777275
delta_sigma_test= 0.0002205581505373081
