phi= 0.1
psi= 0.5
k= 2
n_points= 10000
seed= 17
rate= 1.0 n_epochs= 1000000
train= 0.055507015
test= 0.056130834
delta_sigma_train= 0.00019084520123966716
delta_sigma_test= 0.0001934825945317648
