phi= 8.0
psi= 0.5
k= 2
n_points= 10000
seed= 17
rate= 1.0 n_epochs= 1000000
train= 0.0677027
test= 0.06865188
delta_sigma_train= 0.00024268128064561695
delta_sigma_test= 0.00024493285387246016
