phi= 6.0
psi= 0.5
k= 2
n_points= 10000
seed= 17
rate= 1.0 n_epochs= 1000000
train= 0.067983896
test= 0.06850614
delta_sigma_train= 0.00024209793034227846
delta_sigma_test= 0.00024318223716805382
