phi= 4.0
psi= 0.5
k= 2
n_points= 10000
seed= 17
rate= 1.0 n_epochs= 1000000
train= 0.07046014
test= 0.07078819
delta_sigma_train= 0.00024663911290954363
delta_sigma_test= 0.00024673331690287147
