phi= 0.2
psi= 0.5
k= 2
n_points= 10000
seed= 17
rate= 1.0 n_epochs= 1000000
train= 0.05652355
test= 0.05718346
delta_sigma_train= 0.0001937532050690584
delta_sigma_test= 0.00019607339702091642
