phi= 2.0
psi= 0.5
k= 2
n_points= 10000
seed= 17
rate= 1.0 n_epochs= 1000000
train= 0.06450161
test= 0.06564942
delta_sigma_train= 0.0002207124843132047
delta_sigma_test= 0.00022455142144268454
