phi= 0.8
psi= 0.5
k= 3
n_points= 10000
seed= 17
rate= 1.0 n_epochs= 1000000
train= 0.03151168
test= 0.03351813
delta_sigma_train= 0.00013146563021512874
delta_sigma_test= 0.00013427835810885067
