phi= 0.0
psi= 0.5
k= 3
n_points= 10000
seed= 17
rate= 1.0 n_epochs= 1000000
train= 0.029495398
test= 0.031217456
delta_sigma_train= 0.00012690143266405344
delta_sigma_test= 0.00012992668038454478
