phi= 0.3
psi= 0.5
k= 3
n_points= 10000
seed= 17
rate= 1.0 n_epochs= 1000000
train= 0.030119028
test= 0.03192281
delta_sigma_train= 0.00012820583579639666
delta_sigma_test= 0.00013109133750857662
