phi= 2.0
psi= 0.5
k= 3
n_points= 10000
seed= 17
rate= 1.0 n_epochs= 1000000
train= 0.05431625
test= 0.054998733
delta_sigma_train= 0.00023538108300228216
delta_sigma_test= 0.0002318740768362829
