phi= 0.4
psi= 0.5
k= 3
n_points= 10000
seed= 17
rate= 1.0 n_epochs= 1000000
train= 0.030396635
test= 0.032219693
delta_sigma_train= 0.0001288758128168432
delta_sigma_test= 0.00013169437773354056
