phi= 0.5
psi= 0.5
k= 3
n_points= 10000
seed= 17
rate= 1.0 n_epochs= 1000000
train= 0.030681815
test= 0.03256897
delta_sigma_train= 0.00012976782412505746
delta_sigma_test= 0.00013250629103093932
