phi= 8.0
psi= 0.5
k= 3
n_points= 10000
seed= 17
rate= 1.0 n_epochs= 1000000
train= 0.034995493
test= 0.03581417
delta_sigma_train= 0.00014765054310765123
delta_sigma_test= 0.0001518277498686968
