phi= 0.6
psi= 0.5
k= 3
n_points= 10000
seed= 17
rate= 1.0 n_epochs= 1000000
train= 0.03097373
test= 0.032887083
delta_sigma_train= 0.00013034088967155423
delta_sigma_test= 0.00013314894003421579
