phi= 4.0
psi= 0.5
k= 3
n_points= 10000
seed= 17
rate= 1.0 n_epochs= 1000000
train= 0.032103606
test= 0.03321096
delta_sigma_train= 0.00012657749100488554
delta_sigma_test= 0.00012932487628290396
