phi= 0.7
psi= 0.5
k= 3
n_points= 10000
seed= 17
rate= 1.0 n_epochs= 1000000
train= 0.031236969
test= 0.033203084
delta_sigma_train= 0.00013104422700923587
delta_sigma_test= 0.00013379759917903533
