phi= 0.1
psi= 0.5
k= 3
n_points= 10000
seed= 17
rate= 1.0 n_epochs= 1000000
train= 0.02962285
test= 0.031382818
delta_sigma_train= 0.00012702752189250704
delta_sigma_test= 0.00012996922483039892
