phi= 0.2
psi= 0.5
k= 4
n_points= 10000
seed= 17
rate= 1.0 n_epochs= 1000000
train= 0.0070447503
test= 0.008471
delta_sigma_train= 3.917575228929947e-05
delta_sigma_test= 4.116059056689438e-05
