phi= 6.0
psi= 0.5
k= 4
n_points= 10000
seed= 17
rate= 1.0 n_epochs= 1000000
train= 0.009534763
test= 0.011171962
delta_sigma_train= 4.9569973495427424e-05
delta_sigma_test= 5.158454473897482e-05
