phi= 0.7
psi= 0.5
k= 4
n_points= 10000
seed= 17
rate= 1.0 n_epochs= 1000000
train= 0.0082744
test= 0.010067695
delta_sigma_train= 4.17759025790176e-05
delta_sigma_test= 4.415326619218235e-05
