phi= 4.0
psi= 0.5
k= 4
n_points= 10000
seed= 17
rate= 1.0 n_epochs= 1000000
train= 0.014313687
test= 0.016143773
delta_sigma_train= 7.701129886852312e-05
delta_sigma_test= 7.93763175004591e-05
