phi= 0.0
psi= 0.5
k= 4
n_points= 10000
seed= 17
rate= 1.0 n_epochs= 1000000
train= 0.0066775084
test= 0.0079846
delta_sigma_train= 3.883092005261936e-05
delta_sigma_test= 4.0911368148358493e-05
