phi= 0.9
psi= 0.5
k= 4
n_points= 10000
seed= 17
rate= 1.0 n_epochs= 1000000
train= 0.008711832
test= 0.010673555
delta_sigma_train= 4.261010186199561e-05
delta_sigma_test= 4.5326269188612616e-05
