[Results] 
model_name = 25 
seed = 1234 
n_pairs = 100000 
n_points = 500000 
batch_size = 5000 
function = f1 
psi = 0.0 
phi = 1.0 
k = 1 
n_parameters = 25 
loss function = weighted_MAPE 

n_epochs = 500 
train_time = 4035.99 
sigma_train = 1.99615 
sigma_test = 1.99588 
delta_sigma_train = 0.0987503 
delta_sigma_test = 0.0993918 
E_train = 5643.9 
E_test = 4175.43 
delta_E_train = 0.0987503 
delta_E_test = 0.0993918 
sigma_max_train = 20805.6 
sigma_max_test = 13130.3 
