[Results] 
model_name = 25 
seed = 1234 
n_pairs = 10000 
n_points = 50000 
batch_size = 10000 
function = f1 
psi = -1.0 
phi = 2.0 
k = 1 
n_parameters = 25 
loss function = weighted_MAPE 

n_epochs = 200 
train_time = 135.638 
sigma_train = 0.364615 
sigma_test = 0.366854 
delta_sigma_train = 0.00157418 
delta_sigma_test = 0.00157833 
E_train = 0.256804 
E_test = 0.259093 
delta_E_train = 0.00157418 
delta_E_test = 0.00157833 
sigma_max_train = 4.37919 
sigma_max_test = 4.6943 
