[Results] 
model_name = 2 
seed = 1234 
n_pairs = 10000 
n_points = 50000 
batch_size = 10000 
function = f2 
psi = 2.0 
alpha = 1.6 
k = 2 
n_parameters = 225 
loss function = weighted_MAPE 

n_epochs = 200 
train_time = 175.131 
sigma_train = 0.182332 
sigma_test = 0.181915 
delta_sigma_train = 0.000663944 
delta_sigma_test = 0.000663834 
E_train = 0.0552894 
E_test = 0.0551292 
delta_E_train = 0.000392613 
delta_E_test = 0.000393152 
sigma_max_train = 1.19275 
sigma_max_test = 1.08226 
