[Results] 
model_name = 3 
seed = 1234 
n_pairs = 10000 
n_points = 50000 
batch_size = 10000 
function = f2 
psi = 2.0 
alpha = 1.6 
k = 3 
n_parameters = 1225 
loss function = weighted_MAPE 

n_epochs = 200 
train_time = 411.19 
sigma_train = 0.0858208 
sigma_test = 0.0889336 
delta_sigma_train = 0.000373014 
delta_sigma_test = 0.000368382 
E_train = 0.0143216 
E_test = 0.0146973 
delta_E_train = 0.000150144 
delta_E_test = 0.000142083 
sigma_max_train = 0.804582 
sigma_max_test = 0.663562 
