[Results] 
model_name = k2 
seed = 1234 
n_pairs = 2000 
n_points = 10000 
batch_size = 10000 
function = f2 
psi = 2.0 
alpha = 0.4 
k = 2 
n_parameters = 225 
loss function = weighted_MSE 

n_epochs = 666 
train_time = 8.75609 
sigma_train = 0.0943418 
sigma_test = 0.0969391 
delta_sigma_train = 0.000745081 
delta_sigma_test = 0.000803898 
E_train = 0.0144518 
E_test = 0.0158597 
delta_E_train = 0.000227173 
delta_E_test = 0.000299024 
sigma_max_train = 0.536854 
sigma_max_test = 0.653809 
