[Results] 
model_name = k3 
seed = 1234 
n_pairs = 2000 
n_points = 10000 
batch_size = 10000 
function = f2 
psi = 2.0 
alpha = 0.4 
k = 3 
n_parameters = 1225 
loss function = weighted_MSE 

n_epochs = 666 
train_time = 31.0754 
sigma_train = 0.0522298 
sigma_test = 0.0622088 
delta_sigma_train = 0.000466197 
delta_sigma_test = 0.00057944 
E_train = 0.00490135 
E_test = 0.00722744 
delta_E_train = 9.63873e-05 
delta_E_test = 0.000187745 
sigma_max_train = 0.340194 
sigma_max_test = 0.589006 
