[Results] 
model_name = 25 
seed = 1234 
n_pairs = 100000 
n_points = 500000 
batch_size = 5000 
function = f1 
psi = 1.0 
phi = -2.0 
k = 1 
n_parameters = 25 
loss function = weighted_MAPE 

n_epochs = 500 
train_time = 3893.54 
sigma_train = 0.335487 
sigma_test = 0.336528 
delta_sigma_train = 0.000461893 
delta_sigma_test = 0.000463384 
E_train = 0.21921 
E_test = 0.22061 
delta_E_train = 0.000461893 
delta_E_test = 0.000463384 
sigma_max_train = 5.15768 
sigma_max_test = 5.05118 
