[Results] 
model_name = 25 
seed = 1234 
n_pairs = 10000 
n_points = 50000 
batch_size = 10000 
function = f1 
psi = 2.0 
phi = 0.4 
k = 1 
n_parameters = 25 
loss function = weighted_MAPE 

n_epochs = 200 
train_time = 128.097 
sigma_train = 0.367172 
sigma_test = 0.369637 
delta_sigma_train = 0.00157404 
delta_sigma_test = 0.00158902 
E_train = 0.258766 
E_test = 0.262898 
delta_E_train = 0.00329009 
delta_E_test = 0.00333746 
sigma_max_train = 4.27037 
sigma_max_test = 4.52187 
