[Results] 
model_name = 25 
seed = 1234 
n_pairs = 10000 
n_points = 50000 
batch_size = 10000 
function = f0 
psi = 2.4 
k = 1 
n_parameters = 25 
loss function = weighted_MAPE 

n_epochs = 200 
train_time = 129.129 
sigma_train = 0.360967 
sigma_test = 0.36291 
delta_sigma_train = 0.00154878 
delta_sigma_test = 0.00156427 
E_train = 0.250253 
E_test = 0.254065 
delta_E_train = 0.00154878 
delta_E_test = 0.00156427 
sigma_max_train = 4.111 
sigma_max_test = 4.33525 
