[Results] 
model_name = 2 
seed = 1234 
n_pairs = 10000 
n_points = 50000 
batch_size = 10000 
function = f1 
psi = 2.0 
phi = 1.6 
k = 2 
n_parameters = 225 
loss function = weighted_MAPE 

n_epochs = 200 
train_time = 169.001 
sigma_train = 0.0991909 
sigma_test = 0.100469 
delta_sigma_train = 0.000398252 
delta_sigma_test = 0.000401971 
E_train = 0.0177674 
E_test = 0.0181739 
delta_E_train = 0.000167864 
delta_E_test = 0.000170859 
sigma_max_train = 0.862727 
sigma_max_test = 0.871834 
