[Results] 
model_name = 3 
seed = 1234 
n_pairs = 10000 
n_points = 50000 
batch_size = 10000 
function = f1 
psi = 2.0 
phi = 1.6 
k = 3 
n_parameters = 1225 
loss function = weighted_MAPE 

n_epochs = 200 
train_time = 418.027 
sigma_train = 0.0792382 
sigma_test = 0.0833398 
delta_sigma_train = 0.000392018 
delta_sigma_test = 0.000401166 
E_train = 0.0139625 
E_test = 0.0149918 
delta_E_train = 0.000178483 
delta_E_test = 0.000189081 
sigma_max_train = 1.10624 
sigma_max_test = 1.11456 
