[Results] 
model_name = 25 
seed = 1234 
n_pairs = 10000 
n_points = 50000 
batch_size = 10000 
function = f1 
psi = 0.0 
phi = 1.0 
k = 1 
n_parameters = 25 
loss function = weighted_MAPE 

n_epochs = 50 
train_time = 36.6293 
sigma_train = 0.415003 
sigma_test = 0.414323 
delta_sigma_train = 0.00182212 
delta_sigma_test = 0.00181863 
E_train = 0.338294 
E_test = 0.33704 
delta_E_train = 0.00182212 
delta_E_test = 0.00181863 
sigma_max_train = 7.38729 
sigma_max_test = 8.1032 
