[Results] 
model_name = k2 
seed = 1234 
n_pairs = 2000 
n_points = 10000 
batch_size = 10000 
function = f1 
psi = 1.0 
phi = 0.4 
k = 2 
n_parameters = 225 
loss function = weighted_MSE 

n_epochs = 666 
train_time = 8.9067 
sigma_train = 0.0613807 
sigma_test = 0.0637229 
delta_sigma_train = 0.00046576 
delta_sigma_test = 0.000470914 
E_train = 0.00593691 
E_test = 0.00627821 
delta_E_train = 8.7458e-05 
delta_E_test = 8.88015e-05 
sigma_max_train = 0.438352 
sigma_max_test = 0.434327 
