[Results] 
model_name = k3 
seed = 1234 
n_pairs = 2000 
n_points = 10000 
batch_size = 10000 
function = f1 
psi = 1.0 
phi = 0.4 
k = 3 
n_parameters = 1225 
loss function = weighted_MSE 

n_epochs = 666 
train_time = 30.5464 
sigma_train = 0.032692 
sigma_test = 0.038661 
delta_sigma_train = 0.00029323 
delta_sigma_test = 0.000335119 
E_train = 0.00192861 
E_test = 0.00261772 
delta_E_train = 4.3838e-05 
delta_E_test = 5.07131e-05 
sigma_max_train = 0.32007 
sigma_max_test = 0.345683 
