[Results] 
model_name = 25 
seed = 1234 
n_pairs = 10000 
n_points = 50000 
batch_size = 10000 
function = f1 
psi = 3.0 
phi = 0.4 
k = 1 
n_parameters = 25 
loss function = weighted_MAPE 

n_epochs = 200 
train_time = 182.747 
sigma_train = 0.356581 
sigma_test = 0.359539 
delta_sigma_train = 0.00151917 
delta_sigma_test = 0.00153478 
E_train = 0.242502 
E_test = 0.247043 
delta_E_train = 0.00300017 
delta_E_test = 0.00304395 
sigma_max_train = 4.08345 
sigma_max_test = 4.2823 
