[Results] 
model_name = 2 
seed = 1234 
n_pairs = 10000 
n_points = 50000 
batch_size = 10000 
function = f1 
psi = 3.0 
phi = 1.2 
k = 2 
n_parameters = 225 
loss function = weighted_MAPE 

n_epochs = 200 
train_time = 182.093 
sigma_train = 0.0952315 
sigma_test = 0.0969789 
delta_sigma_train = 0.000365819 
delta_sigma_test = 0.000371345 
E_train = 0.0157556 
E_test = 0.0163004 
delta_E_train = 0.000117298 
delta_E_test = 0.000120944 
sigma_max_train = 0.560113 
sigma_max_test = 0.588406 
