[Results] 
model_name = 3 
seed = 1234 
n_pairs = 10000 
n_points = 50000 
batch_size = 10000 
function = f1 
psi = 3.0 
phi = 1.2 
k = 3 
n_parameters = 1225 
loss function = weighted_MAPE 

n_epochs = 200 
train_time = 400.976 
sigma_train = 0.0721252 
sigma_test = 0.0767603 
delta_sigma_train = 0.000295277 
delta_sigma_test = 0.000303774 
E_train = 0.00955829 
E_test = 0.0105061 
delta_E_train = 8.07863e-05 
delta_E_test = 8.63962e-05 
sigma_max_train = 0.508061 
sigma_max_test = 0.49625 
