[Results] 
model_name = 25 
seed = 1234 
n_pairs = 10000 
n_points = 50000 
batch_size = 10000 
function = f0 
psi = -1.0 
k = 1 
n_parameters = 25 
loss function = weighted_MAPE 

n_epochs = 50 
train_time = 35.8469 
sigma_train = 0.369311 
sigma_test = 0.371266 
delta_sigma_train = 0.00159402 
delta_sigma_test = 0.00161078 
E_train = 0.263438 
E_test = 0.267561 
delta_E_train = 0.00159402 
delta_E_test = 0.00161078 
sigma_max_train = 4.39145 
sigma_max_test = 4.53704 
