[Results] 
model_name = 500_500_500_500_1 
seed = 1234 
n_pairs = 20000 
n_points = 100000 
batch_size = 5000 
function = f1 
psi = 0.0 
phi = 3.0 
k = 16 
n_parameters = 763000 
loss function = weighted_MAPE 

n_epochs = 400 
train_time = 7000.6 
sigma_train = 1.98204 
sigma_test = 1.99443 
delta_sigma_train = 0.122761 
delta_sigma_test = 0.234805 
E_train = 2142.12 
E_test = 4638.96 
delta_E_train = 384.379 
delta_E_test = 2073.29 
sigma_max_train = 10690.8 
sigma_max_test = 16515 
