[Results] 
model_name = 2 
seed = 1234 
n_pairs = 10000 
n_points = 50000 
batch_size = 10000 
function = f0 
psi = 2.8 
k = 2 
n_parameters = 225 
loss function = weighted_MAPE 

n_epochs = 200 
train_time = 172.106 
sigma_train = 0.0770787 
sigma_test = 0.0780835 
delta_sigma_train = 0.000294836 
delta_sigma_test = 0.000295794 
E_train = 0.0102857 
E_test = 0.0104723 
delta_E_train = 7.48801e-05 
delta_E_test = 7.69398e-05 
sigma_max_train = 0.451279 
sigma_max_test = 0.486095 
