[Results] 
model_name = 3 
seed = 1234 
n_pairs = 10000 
n_points = 50000 
batch_size = 10000 
function = f0 
psi = 2.8 
k = 3 
n_parameters = 1225 
loss function = weighted_MAPE 

n_epochs = 200 
train_time = 413.258 
sigma_train = 0.0604288 
sigma_test = 0.0635723 
delta_sigma_train = 0.000249939 
delta_sigma_test = 0.000254589 
E_train = 0.00677379 
E_test = 0.00728183 
delta_E_train = 5.65669e-05 
delta_E_test = 6.07798e-05 
sigma_max_train = 0.407697 
sigma_max_test = 0.409921 
