[Results] 
model_name = k3 
seed = 1234 
n_pairs = 2000 
n_points = 10000 
batch_size = 10000 
function = f1 
psi = 2.0 
phi = 0.0 
k = 3 
n_parameters = 1225 
loss function = weighted_MSE 

n_epochs = 666 
train_time = 25.3649 
sigma_train = 0.0459517 
sigma_test = 0.0550245 
delta_sigma_train = 0.000400354 
delta_sigma_test = 0.000483704 
E_train = 0.00371439 
E_test = 0.00536739 
delta_E_train = 6.80804e-05 
delta_E_test = 9.6637e-05 
sigma_max_train = 0.336536 
sigma_max_test = 0.353467 
