[Results] 
model_name = 2 
seed = 1234 
n_pairs = 10000 
n_points = 50000 
batch_size = 10000 
function = f2 
psi = -2.0 
alpha = 2.0 
k = 2 
n_parameters = 225 
loss function = weighted_MAPE 

n_epochs = 200 
train_time = 175.49 
sigma_train = 0.178559 
sigma_test = 0.179568 
delta_sigma_train = 0.000645402 
delta_sigma_test = 0.000647328 
E_train = 0.0526935 
E_test = 0.0531986 
delta_E_train = 0.000368619 
delta_E_test = 0.000371105 
sigma_max_train = 1.08984 
sigma_max_test = 1.24332 
