[Results] 
model_name = 25 
seed = 1234 
n_pairs = 100000 
n_points = 500000 
batch_size = 5000 
function = f1 
psi = 2.0 
phi = -2.0 
k = 1 
n_parameters = 25 
loss function = weighted_MAPE 

n_epochs = 500 
train_time = 3648.9 
sigma_train = 1.99512 
sigma_test = 1.99565 
delta_sigma_train = 0.0894128 
delta_sigma_test = 0.10115 
E_train = 3681.45 
E_test = 5192.57 
delta_E_train = 0.0894128 
delta_E_test = 0.10115 
sigma_max_train = 13437.2 
sigma_max_test = 31897.4 
