[Results] 
model_name = 100_500_100_1_seed1729 
seed = 1729 
psi = -0.5 
phi = 5.0 
n_pairs = 100000 
n_points = 500000 
batch_size = 10000 
layers = 100_500_100_1 
loss function = weighted_MAPE 

n_epochs = 91 
train_time = 1865.68 
sigma_train = 0.00754593 
sigma_test = 0.0075825 
delta_sigma_train = 8.89344e-06 
delta_sigma_test = 8.9434e-06 
E_train = 9.64896e-05 
E_test = 9.74783e-05 
delta_E_train = 8.89344e-06 
delta_E_test = 8.9434e-06 
E_max_train = 0.0500233 
E_max_test = 0.0503201 
