[Results] 
model_name = 3 
seed = 1234 
n_pairs = 10000 
n_points = 50000 
batch_size = 10000 
function = f1 
psi = -3.0 
phi = 2.4 
k = 3 
n_parameters = 1225 
loss function = weighted_MAPE 

n_epochs = 200 
train_time = 401.601 
sigma_train = 0.175822 
sigma_test = 0.185135 
delta_sigma_train = 0.0011308 
delta_sigma_test = 0.00117353 
E_train = 0.0948331 
E_test = 0.103137 
delta_E_train = 0.00180793 
delta_E_test = 0.00201892 
sigma_max_train = 4.27724 
sigma_max_test = 3.80471 
