[Results] 
model_name = k2 
seed = 1234 
n_pairs = 2000 
n_points = 10000 
batch_size = 10000 
function = f2 
psi = -1.0 
alpha = 0.0 
k = 2 
n_parameters = 225 
loss function = weighted_MSE 

n_epochs = 666 
train_time = 7.87783 
sigma_train = 0.0580133 
sigma_test = 0.0588059 
delta_sigma_train = 0.000436244 
delta_sigma_test = 0.000442467 
E_train = 0.00526864 
E_test = 0.0054159 
delta_E_train = 7.78841e-05 
delta_E_test = 7.84647e-05 
sigma_max_train = 0.433257 
sigma_max_test = 0.408632 
