[Results] 
model_name = k2 
seed = 1234 
n_pairs = 2000 
n_points = 10000 
batch_size = 10000 
function = f2 
psi = 2.0 
alpha = 1.6 
k = 2 
n_parameters = 225 
loss function = weighted_MSE 

n_epochs = 666 
train_time = 10.6479 
sigma_train = 0.175051 
sigma_test = 0.191069 
delta_sigma_train = 0.00137256 
delta_sigma_test = 0.0015483 
E_train = 0.0494819 
E_test = 0.0604795 
delta_E_train = 0.000749066 
delta_E_test = 0.000939042 
sigma_max_train = 0.911321 
sigma_max_test = 1.02572 
