[Results] 
model_name = k3 
seed = 1234 
n_pairs = 2000 
n_points = 10000 
batch_size = 10000 
function = f2 
psi = 2.0 
alpha = 1.6 
k = 3 
n_parameters = 1225 
loss function = weighted_MSE 

n_epochs = 666 
train_time = 48.1668 
sigma_train = 0.0751361 
sigma_test = 0.100986 
delta_sigma_train = 0.00063674 
delta_sigma_test = 0.000909054 
E_train = 0.00969982 
E_test = 0.0184619 
delta_E_train = 0.00017896 
delta_E_test = 0.000374677 
sigma_max_train = 0.481711 
sigma_max_test = 0.685263 
