[Results] 
model_name = 2 
seed = 1234 
n_pairs = 10000 
n_points = 50000 
batch_size = 10000 
function = f2 
psi = 2.0 
alpha = 2.4 
k = 2 
n_parameters = 225 
loss function = weighted_MAPE 

n_epochs = 200 
train_time = 178.065 
sigma_train = 0.190212 
sigma_test = 0.190837 
delta_sigma_train = 0.000694591 
delta_sigma_test = 0.00068529 
E_train = 0.0602933 
E_test = 0.0598955 
delta_E_train = 0.000429527 
delta_E_test = 0.00042076 
sigma_max_train = 1.26346 
sigma_max_test = 1.44036 
