[Results] 
model_name = 3 
seed = 1234 
n_pairs = 10000 
n_points = 50000 
batch_size = 10000 
function = f2 
psi = 2.0 
alpha = 2.4 
k = 3 
n_parameters = 1225 
loss function = weighted_MAPE 

n_epochs = 200 
train_time = 407.455 
sigma_train = 0.0935547 
sigma_test = 0.0965419 
delta_sigma_train = 0.000400386 
delta_sigma_test = 0.00039779 
E_train = 0.0167673 
E_test = 0.0172319 
delta_E_train = 0.000162056 
delta_E_test = 0.000162045 
sigma_max_train = 0.896995 
sigma_max_test = 0.790349 
