[Results] 
model_name = 100_1000_100_1_seed1234 
seed = 1234 
psi = -5.5 
n_pairs = 100000 
n_points = 500000 
batch_size = 10000 
layers = 100_1000_100_1 
loss function = weighted_MAPE 

n_epochs = 521 
train_time = 10378 
sigma_train = 0.0106943 
sigma_test = 0.0115096 
delta_sigma_train = 2.95301e-05 
delta_sigma_test = 3.3053e-05 
E_train = 0.000550303 
E_test = 0.000679035 
delta_E_train = 2.95301e-05 
delta_E_test = 3.3053e-05 
E_max_train = 0.0977532 
E_max_test = 0.096632 
