[Results] 
model_name = 100_1000_100_1_seed1234 
seed = 1234 
psi = -5.5 
n_pairs = 100000 
n_points = 500000 
batch_size = 10000 
layers = 100_1000_100_1 
loss function = weighted_MAPE 

n_epochs = 521 
train_time = 10378 
sigma_train = 0.0106868 
sigma_test = 0.0115137 
delta_sigma_train = 2.95303e-05 
delta_sigma_test = 3.30594e-05 
E_train = 0.000550254 
E_test = 0.000679072 
delta_E_train = 2.95303e-05 
delta_E_test = 3.30594e-05 
E_max_train = 0.524866 
E_max_test = 0.579628 
