[Results] 
model_name = 2 
seed = 1234 
n_pairs = 10000 
n_points = 50000 
batch_size = 10000 
function = f2 
psi = -2.0 
alpha = 0.0 
k = 2 
n_parameters = 225 
loss function = weighted_MAPE 

n_epochs = 200 
train_time = 172.076 
sigma_train = 0.0688084 
sigma_test = 0.069685 
delta_sigma_train = 0.000250353 
delta_sigma_test = 0.000251636 
E_train = 0.00786871 
E_test = 0.00802203 
delta_E_train = 5.57879e-05 
delta_E_test = 5.63915e-05 
sigma_max_train = 0.44317 
sigma_max_test = 0.476371 
