[Results] 
model_name = 25 
seed = 1234 
n_pairs = 100000 
n_points = 500000 
batch_size = 5000 
function = f1 
psi = 2.0 
phi = -1.0 
k = 1 
n_parameters = 25 
loss function = weighted_MAPE 

n_epochs = 500 
train_time = 3643.63 
sigma_train = 0.347525 
sigma_test = 0.348487 
delta_sigma_train = 0.000468637 
delta_sigma_test = 0.000469783 
E_train = 0.230592 
E_test = 0.231795 
delta_E_train = 0.000468637 
delta_E_test = 0.000469783 
sigma_max_train = 4.87343 
sigma_max_test = 4.7308 
