[Results] 
model_name = 50_50_1 
seed = 1234 
n_pairs = 100000 
n_points = 500000 
batch_size = 5000 
function = f0 
psi = 3.0 
k = 4 
n_parameters = 3800 
loss function = weighted_MAPE 

n_epochs = 150 
train_time = 2452.31 
sigma_train = 0.0334263 
sigma_test = 0.0337713 
delta_sigma_train = 4.26544e-05 
delta_sigma_test = 4.27768e-05 
E_train = 0.00202735 
E_test = 0.00205552 
delta_E_train = 5.87574e-06 
delta_E_test = 5.92814e-06 
sigma_max_train = 0.423051 
sigma_max_test = 0.41863 
