[Results] 
model_name = 25 
seed = 1234 
n_pairs = 10000 
n_points = 50000 
batch_size = 10000 
function = f1 
psi = 0.0 
phi = 0.8 
k = 1 
n_parameters = 25 
loss function = weighted_MAPE 

n_epochs = 200 
train_time = 126.5 
sigma_train = 0.378587 
sigma_test = 0.380877 
delta_sigma_train = 0.00162882 
delta_sigma_test = 0.00164144 
E_train = 0.27596 
E_test = 0.279796 
delta_E_train = 0.00359538 
delta_E_test = 0.00361461 
sigma_max_train = 4.55343 
sigma_max_test = 4.58213 
