[Results] 
model_name = k2 
seed = 1234 
n_pairs = 2000 
n_points = 10000 
batch_size = 10000 
function = f2 
psi = 1.0 
alpha = 0.8 
k = 2 
n_parameters = 225 
loss function = weighted_MSE 

n_epochs = 666 
train_time = 9.65616 
sigma_train = 0.13319 
sigma_test = 0.137877 
delta_sigma_train = 0.00105241 
delta_sigma_test = 0.00109728 
E_train = 0.0288151 
E_test = 0.0310504 
delta_E_train = 0.00043093 
delta_E_test = 0.000484606 
sigma_max_train = 0.61758 
sigma_max_test = 0.726769 
