[Results] 
model_name = 100_500_100_seed235 
seed = 235 
psi = -2 
n_pairs = 100000 
n_points = 500000 
batch_size = 10000 
layers = 100_500_100 

n_epochs = 71 
train_time = 1984.721870 
sigma_train = 0.007407 
sigma_test = 0.007637 
delta_sigma_train = 0.000008 
delta_sigma_test = 0.000009 
