[Results] 
model_name = 100_500_100_1_seed320 
seed = 320 
psi = -8.0 
n_pairs = 100000 
n_points = 500000 
batch_size = 10000 
layers = 100_500_100_1 
loss function = weighted_MAPE 

n_epochs = 321 
train_time = 3648.8 
sigma_train = 0.0445325 
sigma_test = 0.0449232 
delta_sigma_train = 6.77321e-05 
delta_sigma_test = 6.86503e-05 
E_train = 0.00427696 
E_test = 0.00437443 
delta_E_train = 6.77321e-05 
delta_E_test = 6.86503e-05 
E_max_train = 0.412029 
E_max_test = 0.415686 
