[Results] 
model_name = 100_500_100_seed235 
seed = 235 
psi = -3 
n_pairs = 100000 
n_points = 500000 
batch_size = 10000 
layers = 100_500_100 

n_epochs = 101 
train_time = 2781.058927 
sigma_train = 0.007936 
sigma_test = 0.008308 
delta_sigma_train = 0.000010 
delta_sigma_test = 0.000011 
