[Results] 
model_name = 100_500_100_seed235 
seed = 235 
psi = -4 
n_pairs = 100000 
n_points = 500000 
batch_size = 10000 
layers = 100_500_100 

n_epochs = 141 
train_time = 3930.077851 
sigma_train = 0.009874 
sigma_test = 0.010370 
delta_sigma_train = 0.000021 
delta_sigma_test = 0.000022 
