[Results] 
model_name = 2 
seed = 1234 
n_pairs = 10000 
n_points = 50000 
batch_size = 10000 
function = f2 
psi = 3.0 
alpha = 2.0 
k = 2 
n_parameters = 225 
loss function = weighted_MAPE 

n_epochs = 200 
train_time = 175.159 
sigma_train = 0.190374 
sigma_test = 0.191573 
delta_sigma_train = 0.000693111 
delta_sigma_test = 0.000693765 
E_train = 0.0602764 
E_test = 0.0607647 
delta_E_train = 0.000427362 
delta_E_test = 0.000428869 
sigma_max_train = 1.29071 
sigma_max_test = 1.25805 
