[Results] 
model_name = 3 
seed = 1234 
n_pairs = 10000 
n_points = 50000 
batch_size = 10000 
function = f2 
psi = 3.0 
alpha = 2.0 
k = 3 
n_parameters = 1225 
loss function = weighted_MAPE 

n_epochs = 200 
train_time = 409.724 
sigma_train = 0.0922403 
sigma_test = 0.0968285 
delta_sigma_train = 0.000391814 
delta_sigma_test = 0.000402945 
E_train = 0.0161864 
E_test = 0.0174975 
delta_E_train = 0.000158578 
delta_E_test = 0.00017066 
sigma_max_train = 0.931101 
sigma_max_test = 0.991663 
