[Results] 
model_name = 100_500_100_1_seed1234 
seed = 1234 
psi = -3.0 
n_pairs = 100000 
n_points = 500000 
batch_size = 10000 
layers = 100_500_100_1 
loss function = weighted_MAPE 

n_epochs = 191 
train_time = 3754.25 
sigma_train = 0.0464109 
sigma_test = 0.0466354 
delta_sigma_train = 7.08119e-05 
delta_sigma_test = 7.10928e-05 
E_train = 0.00466125 
E_test = 0.00470239 
delta_E_train = 7.08119e-05 
delta_E_test = 7.10928e-05 
E_max_train = 0.408915 
E_max_test = 0.413916 
