[Results] 
model_name = 25 
seed = 1234 
n_pairs = 10000 
n_points = 50000 
batch_size = 10000 
function = f1 
psi = 3.0 
phi = 2.0 
k = 1 
n_parameters = 25 
loss function = weighted_MAPE 

n_epochs = 200 
train_time = 183.188 
sigma_train = 0.327137 
sigma_test = 0.329138 
delta_sigma_train = 0.00137484 
delta_sigma_test = 0.00137851 
E_train = 0.201557 
E_test = 0.203309 
delta_E_train = 0.00247108 
delta_E_test = 0.00245672 
sigma_max_train = 4.92344 
sigma_max_test = 5.23785 
