[Results] 
model_name = 25 
seed = 1234 
n_pairs = 100000 
n_points = 500000 
batch_size = 5000 
function = f0 
psi = 0.0 
k = 1 
n_parameters = 25 
loss function = weighted_MAPE 

n_epochs = 2 
train_time = 17.1081 
sigma_train = 0.372609 
sigma_test = 0.373469 
delta_sigma_train = 0.000509604 
delta_sigma_test = 0.000511778 
E_train = 0.268681 
E_test = 0.27045 
delta_E_train = 0.000509604 
delta_E_test = 0.000511778 
sigma_max_train = 4.62981 
sigma_max_test = 4.56891 
