[Results] 
model_name = 25 
seed = 1234 
n_pairs = 10000 
n_points = 50000 
batch_size = 10000 
function = f1 
psi = 1.0 
phi = 2.0 
k = 1 
n_parameters = 25 
loss function = weighted_MAPE 

n_epochs = 200 
train_time = 136.225 
sigma_train = 0.366686 
sigma_test = 0.367525 
delta_sigma_train = 0.00158267 
delta_sigma_test = 0.00158321 
E_train = 0.25968 
E_test = 0.260355 
delta_E_train = 0.00158267 
delta_E_test = 0.00158321 
sigma_max_train = 4.38474 
sigma_max_test = 4.68458 
