[Results] 
model_name = k2 
seed = 1234 
n_pairs = 2000 
n_points = 10000 
batch_size = 10000 
function = f2 
psi = 1.0 
alpha = 2.0 
k = 2 
n_parameters = 225 
loss function = weighted_MSE 

n_epochs = 666 
train_time = 10.5692 
sigma_train = 0.181192 
sigma_test = 0.19504 
delta_sigma_train = 0.00139996 
delta_sigma_test = 0.00156264 
E_train = 0.0524295 
E_test = 0.0624593 
delta_E_train = 0.000768602 
delta_E_test = 0.000978068 
sigma_max_train = 0.937183 
sigma_max_test = 1.22492 
