[Results] 
model_name = k3 
seed = 1234 
n_pairs = 2000 
n_points = 10000 
batch_size = 10000 
function = f2 
psi = 1.0 
alpha = 2.0 
k = 3 
n_parameters = 1225 
loss function = weighted_MSE 

n_epochs = 666 
train_time = 51.7371 
sigma_train = 0.0772558 
sigma_test = 0.102207 
delta_sigma_train = 0.000635224 
delta_sigma_test = 0.000922029 
E_train = 0.0100036 
E_test = 0.0189477 
delta_E_train = 0.000163521 
delta_E_test = 0.000381384 
sigma_max_train = 0.464026 
sigma_max_test = 0.689944 
