[Results] 
model_name = 25 
seed = 1234 
n_pairs = 10000 
n_points = 50000 
batch_size = 10000 
function = f1 
psi = -3.0 
phi = 3.0 
k = 1 
n_parameters = 25 
loss function = weighted_MAPE 

n_epochs = 200 
train_time = 133.292 
sigma_train = 0.319381 
sigma_test = 0.320439 
delta_sigma_train = 0.00130489 
delta_sigma_test = 0.00131189 
E_train = 0.187135 
E_test = 0.188736 
delta_E_train = 0.00130489 
delta_E_test = 0.00131189 
sigma_max_train = 5.60919 
sigma_max_test = 5.97553 
