[Results] 
model_name = 2 
seed = 1234 
n_pairs = 10000 
n_points = 50000 
batch_size = 10000 
function = f1 
psi = 3.0 
phi = 2.0 
k = 2 
n_parameters = 225 
loss function = weighted_MAPE 

n_epochs = 200 
train_time = 169.125 
sigma_train = 0.126494 
sigma_test = 0.129586 
delta_sigma_train = 0.000576736 
delta_sigma_test = 0.000585044 
E_train = 0.032638 
E_test = 0.0338951 
delta_E_train = 0.000472338 
delta_E_test = 0.000478677 
sigma_max_train = 1.63299 
sigma_max_test = 1.6526 
