[Results] 
model_name = 3 
seed = 1234 
n_pairs = 10000 
n_points = 50000 
batch_size = 10000 
function = f1 
psi = 3.0 
phi = 2.0 
k = 3 
n_parameters = 1225 
loss function = weighted_MAPE 

n_epochs = 200 
train_time = 407.186 
sigma_train = 0.117642 
sigma_test = 0.124463 
delta_sigma_train = 0.000621795 
delta_sigma_test = 0.000638406 
E_train = 0.0331699 
E_test = 0.035865 
delta_E_train = 0.000484162 
delta_E_test = 0.000520006 
sigma_max_train = 1.68074 
sigma_max_test = 1.74009 
