[Results] 
model_name = 25 
seed = 1234 
n_pairs = 10000 
n_points = 50000 
batch_size = 10000 
function = f2 
psi = 2.0 
alpha = 1.2 
k = 1 
n_parameters = 25 
loss function = weighted_MAPE 

n_epochs = 200 
train_time = 181.667 
sigma_train = 0.416304 
sigma_test = 0.413635 
delta_sigma_train = 0.00158931 
delta_sigma_test = 0.00158657 
E_train = 0.299668 
E_test = 0.296962 
delta_E_train = 0.00301423 
delta_E_test = 0.00301899 
sigma_max_train = 4.61409 
sigma_max_test = 4.7683 
