[Results] 
model_name = 3 
seed = 1234 
n_pairs = 10000 
n_points = 50000 
batch_size = 10000 
function = f0 
psi = -2.8 
k = 3 
n_parameters = 1225 
loss function = weighted_MAPE 

n_epochs = 200 
train_time = 416.429 
sigma_train = 0.0618863 
sigma_test = 0.0654883 
delta_sigma_train = 0.000278966 
delta_sigma_test = 0.000283598 
E_train = 0.00772032 
E_test = 0.00830803 
delta_E_train = 8.00028e-05 
delta_E_test = 8.24782e-05 
sigma_max_train = 0.456406 
sigma_max_test = 0.461405 
