psi= <bound method MPContext.psi of <mpmath.ctx_mp.MPContext object at 0x7f9a57513320>>
k= 2
n_points= 10000
seed= 123
rate= 10.0 n_epochs= 10000
train= 0.054754194
test= 0.055299323
delta_sigma_train= 0.00018930221229708643
delta_sigma_test= 0.00018921523545306417
