psi= <bound method MPContext.psi of <mpmath.ctx_mp.MPContext object at 0x7f7247e3e390>>
k= 4
n_points= 10000
seed= 123
rate= 10.0 n_epochs= 10000
train= 0.024259422
test= 0.02380234
delta_sigma_train= 7.996279200349372e-05
delta_sigma_test= 7.839158886417094e-05
