psi= <bound method MPContext.psi of <mpmath.ctx_mp.MPContext object at 0x7fbe35dcd390>>
k= 8
n_points= 10000
seed= 234
rate= 10.0 n_epochs= 10000
train= 0.013473959
test= 0.05900138
delta_sigma_train= 0.00011081110270764117
delta_sigma_test= 0.00022359650746130698
