[Results] 
model_name = 1000_500_500_500_1_seed1235 
seed = 1235 
psi = 0.5 
n_pairs = 100000 
n_points = 500000 
batch_size = 1000 
layers = 1000_500_500_500_1 
loss function = weighted_MAPE 

n_epochs = 130 
train_time = 6766.52 
sigma_train = 0.00214554 
sigma_test = 0.00215751 
delta_sigma_train = 2.32587e-06 
delta_sigma_test = 2.33747e-06 
E_train = 7.31018e-06 
E_test = 7.38668e-06 
delta_E_train = 2.32587e-06 
delta_E_test = 2.33747e-06 
E_max_train = 0.0113768 
E_max_test = 0.0120729 
