[Results] 
model_name = 100_500_500_500_1_seed1235 
seed = 1235 
psi = 0.5 
n_pairs = 100000 
n_points = 500000 
batch_size = 1000 
layers = 100_500_500_500_1 
loss function = weighted_MAPE 

n_epochs = 111 
train_time = 4377.18 
sigma_train = 0.00254802 
sigma_test = 0.00256316 
delta_sigma_train = 2.79462e-06 
delta_sigma_test = 2.81083e-06 
E_train = 1.03957e-05 
E_test = 1.05213e-05 
delta_E_train = 2.79462e-06 
delta_E_test = 2.81083e-06 
E_max_train = 0.011653 
E_max_test = 0.0116899 
