[Results] 
model_name = 100_500_100_100_1_seed1235 
seed = 1235 
psi = 0.5 
n_pairs = 100000 
n_points = 500000 
batch_size = 1000 
layers = 100_500_100_100_1 
loss function = weighted_MAPE 

n_epochs = 81 
train_time = 2557.14 
sigma_train = 0.00370205 
sigma_test = 0.00373564 
delta_sigma_train = 4.135e-06 
delta_sigma_test = 4.18694e-06 
E_train = 2.22513e-05 
E_test = 2.27186e-05 
delta_E_train = 4.135e-06 
delta_E_test = 4.18694e-06 
E_max_train = 0.0178516 
E_max_test = 0.0180396 
