[Results] 
model_name = 100_500_100_100_1_seed1234 
seed = 1234 
psi = 0.5 
n_pairs = 100000 
n_points = 500000 
batch_size = 1000 
layers = 100_500_100_100_1 
loss function = weighted_MAPE 

n_epochs = 101 
train_time = 3189.21 
sigma_train = 0.00256624 
sigma_test = 0.00259981 
delta_sigma_train = 2.82456e-06 
delta_sigma_test = 2.86314e-06 
E_train = 1.0574e-05 
E_test = 1.08564e-05 
delta_E_train = 2.82456e-06 
delta_E_test = 2.86314e-06 
E_max_train = 0.0115429 
E_max_test = 0.0118267 
