[Results] 
model_name = 300_100_300_300_1_seed1357 
seed = 1357 
psi = 0.5 
n_pairs = 100000 
n_points = 500000 
batch_size = 1000 
layers = 300_100_300_300_1 
loss function = weighted_MAPE 

n_epochs = 200 
train_time = 11550.4 
sigma_train = 0.00154012 
sigma_test = 0.00154383 
delta_sigma_train = 1.67102e-06 
delta_sigma_test = 1.67641e-06 
E_train = 3.76814e-06 
E_test = 3.78852e-06 
delta_E_train = 1.67102e-06 
delta_E_test = 1.67641e-06 
E_max_train = 0.0106831 
E_max_test = 0.0104711 
