[Results] 
model_name = 300_700_300_300_1_seed1357 
seed = 1357 
psi = 0.5 
n_pairs = 100000 
n_points = 500000 
batch_size = 1000 
layers = 300_700_300_300_1 
loss function = weighted_MAPE 

n_epochs = 200 
train_time = 14229.8 
sigma_train = 0.00174291 
sigma_test = 0.00175417 
delta_sigma_train = 1.90168e-06 
delta_sigma_test = 1.91237e-06 
E_train = 4.84626e-06 
E_test = 4.90583e-06 
delta_E_train = 1.90168e-06 
delta_E_test = 1.91237e-06 
E_max_train = 0.0104648 
E_max_test = 0.0104183 
