[Results] 
model_name = 300_300_500_300_1_seed1357 
seed = 1357 
psi = 0.5 
n_pairs = 100000 
n_points = 500000 
batch_size = 1000 
layers = 300_300_500_300_1 
loss function = weighted_MAPE 

n_epochs = 200 
train_time = 12827.9 
sigma_train = 0.00168553 
sigma_test = 0.00169973 
delta_sigma_train = 1.82731e-06 
delta_sigma_test = 1.84398e-06 
E_train = 4.50967e-06 
E_test = 4.58944e-06 
delta_E_train = 1.82731e-06 
delta_E_test = 1.84398e-06 
E_max_train = 0.0106737 
E_max_test = 0.0113612 
