[Results] 
model_name = 300_300_700_300_1_seed1357 
seed = 1357 
psi = 0.5 
n_pairs = 100000 
n_points = 500000 
batch_size = 1000 
layers = 300_300_700_300_1 
loss function = weighted_MAPE 

n_epochs = 200 
train_time = 13927.1 
sigma_train = 0.00177002 
sigma_test = 0.00178232 
delta_sigma_train = 1.91017e-06 
delta_sigma_test = 1.92764e-06 
E_train = 4.95741e-06 
E_test = 5.03555e-06 
delta_E_train = 1.91017e-06 
delta_E_test = 1.92764e-06 
E_max_train = 0.0128288 
E_max_test = 0.0118059 
