[Results] 
model_name = 500_500_500_100_1_seed1234 
seed = 1234 
psi = 0.5 
n_pairs = 100000 
n_points = 500000 
batch_size = 1000 
layers = 500_500_500_100_1 
loss function = weighted_MAPE 

n_epochs = 140 
train_time = 5497.3 
sigma_train = 0.00196301 
sigma_test = 0.00198008 
delta_sigma_train = 2.18903e-06 
delta_sigma_test = 2.2071e-06 
E_train = 6.24812e-06 
E_test = 6.35781e-06 
delta_E_train = 2.18903e-06 
delta_E_test = 2.2071e-06 
E_max_train = 0.00914705 
E_max_test = 0.00918701 
