[Results] 
model_name = 500_500_500_2000_1_seed1235 
seed = 1235 
psi = 0.5 
n_pairs = 100000 
n_points = 500000 
batch_size = 1000 
layers = 500_500_500_2000_1 
loss function = weighted_MAPE 

n_epochs = 150 
train_time = 9479.26 
sigma_train = 0.00194574 
sigma_test = 0.00195301 
delta_sigma_train = 2.13388e-06 
delta_sigma_test = 2.14382e-06 
E_train = 6.06076e-06 
E_test = 6.11308e-06 
delta_E_train = 2.13388e-06 
delta_E_test = 2.14382e-06 
E_max_train = 0.0134124 
E_max_test = 0.0132829 
