[Results] 
model_name = k2 
seed = 1234 
n_pairs = 2000 
n_points = 10000 
batch_size = 10000 
function = f2 
psi = 2.0 
alpha = 2.8 
k = 2 
n_parameters = 225 
loss function = weighted_MSE 

n_epochs = 666 
train_time = 11.9641 
sigma_train = 0.187481 
sigma_test = 0.195125 
delta_sigma_train = 0.00145572 
delta_sigma_test = 0.00155974 
E_train = 0.0563402 
E_test = 0.0624014 
delta_E_train = 0.000832185 
delta_E_test = 0.000964084 
sigma_max_train = 0.94286 
sigma_max_test = 0.959107 
