[Results] 
model_name = k3 
seed = 1234 
n_pairs = 2000 
n_points = 10000 
batch_size = 10000 
function = f2 
psi = 2.0 
alpha = 2.8 
k = 3 
n_parameters = 1225 
loss function = weighted_MSE 

n_epochs = 666 
train_time = 56.9654 
sigma_train = 0.081729 
sigma_test = 0.103474 
delta_sigma_train = 0.000658185 
delta_sigma_test = 0.000936783 
E_train = 0.0110117 
E_test = 0.0194825 
delta_E_train = 0.000179371 
delta_E_test = 0.000394144 
sigma_max_train = 0.454908 
sigma_max_test = 0.734488 
