[Results] 
model_name = k4 
seed = 1234 
n_pairs = 2000 
n_points = 10000 
batch_size = 10000 
function = f2 
psi = 2.0 
alpha = 2.8 
k = 4 
n_parameters = 4900 
loss function = weighted_MSE 

n_epochs = 666 
train_time = 1137.7 
sigma_train = 0.0185229 
sigma_test = 0.0569595 
delta_sigma_train = 0.000158432 
delta_sigma_test = 0.00058552 
E_train = 0.000594105 
E_test = 0.00667272 
delta_E_train = 1.11568e-05 
delta_E_test = 0.000181065 
sigma_max_train = 0.160222 
sigma_max_test = 0.564197 
