[Results] 
model_name = 25 
seed = 1234 
n_pairs = 10000 
n_points = 50000 
batch_size = 10000 
function = f1 
psi = -2.0 
phi = 1.2 
k = 1 
n_parameters = 25 
loss function = weighted_MAPE 

n_epochs = 200 
train_time = 126.884 
sigma_train = 0.369752 
sigma_test = 0.371506 
delta_sigma_train = 0.0015765 
delta_sigma_test = 0.00158221 
E_train = 0.260893 
E_test = 0.263119 
delta_E_train = 0.0015765 
delta_E_test = 0.00158221 
sigma_max_train = 4.21985 
sigma_max_test = 4.3633 
