[Results] 
model_name = 100_500_100_1_seed320 
seed = 320 
psi = -8.0 
n_pairs = 100000 
n_points = 500000 
batch_size = 10000 
layers = 100_500_100_1 
loss function = weighted_MAPE 

n_epochs = 431 
train_time = 8125.09 
sigma_train = 0.0117486 
sigma_test = 0.0120441 
delta_sigma_train = 1.48637e-05 
delta_sigma_test = 1.55457e-05 
E_train = 0.000248497 
E_test = 0.000265895 
delta_E_train = 1.48637e-05 
delta_E_test = 1.55457e-05 
E_max_train = 0.132539 
E_max_test = 0.137379 
