[Results] 
model_name = 25 
seed = 1234 
n_pairs = 10000 
n_points = 50000 
batch_size = 10000 
function = f1 
psi = -1.0 
phi = 0.4 
k = 1 
n_parameters = 25 
loss function = weighted_MAPE 

n_epochs = 200 
train_time = 136.111 
sigma_train = 0.372781 
sigma_test = 0.375109 
delta_sigma_train = 0.00160421 
delta_sigma_test = 0.00162042 
E_train = 0.267606 
E_test = 0.271955 
delta_E_train = 0.00160421 
delta_E_test = 0.00162042 
sigma_max_train = 4.33466 
sigma_max_test = 4.57082 
