[Results] 
model_name = 2 
seed = 1234 
n_pairs = 10000 
n_points = 50000 
batch_size = 10000 
function = f1 
psi = -1.0 
phi = 0.0 
k = 2 
n_parameters = 225 
loss function = weighted_MAPE 

n_epochs = 200 
train_time = 170.657 
sigma_train = 0.0578813 
sigma_test = 0.0585176 
delta_sigma_train = 0.000196489 
delta_sigma_test = 0.000196273 
E_train = 0.00528055 
E_test = 0.00535023 
delta_E_train = 3.55534e-05 
delta_E_test = 3.56844e-05 
sigma_max_train = 0.439504 
sigma_max_test = 0.476652 
