[Results] 
model_name = 100_500_100_1_seed320 
seed = 320 
psi = -4.0 
n_pairs = 100000 
n_points = 500000 
batch_size = 10000 
layers = 100_500_100_1 
loss function = weighted_MAPE 

n_epochs = 161 
train_time = 1802.79 
sigma_train = 0.0526745 
sigma_test = 0.0531805 
delta_sigma_train = 8.79576e-05 
delta_sigma_test = 8.89748e-05 
E_train = 0.0066421 
E_test = 0.00678668 
delta_E_train = 8.79576e-05 
delta_E_test = 8.89748e-05 
E_max_train = 0.587531 
E_max_test = 0.594524 
