[Results] 
model_name = k2 
seed = 1234 
n_pairs = 2000 
n_points = 10000 
batch_size = 10000 
function = f1 
psi = -1.0 
phi = 0.8 
k = 2 
n_parameters = 225 
loss function = weighted_MSE 

n_epochs = 666 
train_time = 10.0968 
sigma_train = 0.0670846 
sigma_test = 0.0687307 
delta_sigma_train = 0.000514627 
delta_sigma_test = 0.000522865 
E_train = 0.00714875 
E_test = 0.00745779 
delta_E_train = 0.000103887 
delta_E_test = 0.000107111 
sigma_max_train = 0.432584 
sigma_max_test = 0.450094 
