[Results] 
model_name = 100_500_100_1_seed235 
seed = 235 
psi = -8.0 
n_pairs = 100000 
n_points = 500000 
batch_size = 10000 
layers = 100_500_100_1 
loss function = weighted_MAPE 

n_epochs = 21 
train_time = 421.633 
sigma_train = 1.99755 
sigma_test = 1.99763 
delta_sigma_train = 0.125742 
delta_sigma_test = 0.134946 
E_train = 8168.08 
E_test = 8029.53 
delta_E_train = 0.125742 
delta_E_test = 0.134946 
E_max_train = 8543.33 
E_max_test = 8622.19 
