[Results] 
model_name = 100_500_100_1_seed235 
seed = 235 
psi = -8.0 
n_pairs = 100000 
n_points = 500000 
batch_size = 10000 
layers = 100_500_100_1 
loss function = weighted_MAPE 

n_epochs = 21 
train_time = 421.633 
sigma_train = 1.99741 
sigma_test = 1.99769 
delta_sigma_train = 0.120935 
delta_sigma_test = 0.129694 
E_train = 7896.67 
E_test = 8546.62 
delta_E_train = 0.120935 
delta_E_test = 0.129694 
E_max_train = 15137.6 
E_max_test = 32941.2 
