[Results] 
model_name = k2 
seed = 1234 
n_pairs = 2000 
n_points = 10000 
batch_size = 10000 
function = f1 
psi = 2.0 
phi = 3.0 
k = 2 
n_parameters = 225 
loss function = weighted_MSE 

n_epochs = 666 
train_time = 15.5717 
sigma_train = 0.107767 
sigma_test = 0.11316 
delta_sigma_train = 0.000922932 
delta_sigma_test = 0.00089865 
E_train = 0.0201317 
E_test = 0.0208809 
delta_E_train = 0.000386119 
delta_E_test = 0.000343329 
sigma_max_train = 0.713146 
sigma_max_test = 0.556787 
