[Results] 
model_name = k3 
seed = 1234 
n_pairs = 2000 
n_points = 10000 
batch_size = 10000 
function = f1 
psi = 2.0 
phi = 3.0 
k = 3 
n_parameters = 1225 
loss function = weighted_MSE 

n_epochs = 666 
train_time = 271.102 
sigma_train = 0.0511325 
sigma_test = 0.0764582 
delta_sigma_train = 0.000435283 
delta_sigma_test = 0.000720389 
E_train = 0.00450924 
E_test = 0.0110355 
delta_E_train = 8.74905e-05 
delta_E_test = 0.000245708 
sigma_max_train = 0.3692 
sigma_max_test = 0.535263 
