[Results] 
model_name = k2 
seed = 1234 
n_pairs = 2000 
n_points = 10000 
batch_size = 10000 
function = f2 
psi = -1.0 
alpha = 2.0 
k = 2 
n_parameters = 225 
loss function = weighted_MSE 

n_epochs = 666 
train_time = 10.5089 
sigma_train = 0.17741 
sigma_test = 0.187145 
delta_sigma_train = 0.00135725 
delta_sigma_test = 0.00148565 
E_train = 0.0498957 
E_test = 0.0570948 
delta_E_train = 0.000732952 
delta_E_test = 0.000867865 
sigma_max_train = 0.854995 
sigma_max_test = 1.20791 
