[Results] 
model_name = k3 
seed = 1234 
n_pairs = 2000 
n_points = 10000 
batch_size = 10000 
function = f2 
psi = -1.0 
alpha = 2.0 
k = 3 
n_parameters = 1225 
loss function = weighted_MSE 

n_epochs = 666 
train_time = 48.6121 
sigma_train = 0.0759364 
sigma_test = 0.096679 
delta_sigma_train = 0.000628654 
delta_sigma_test = 0.000843571 
E_train = 0.0097184 
E_test = 0.016463 
delta_E_train = 0.000180247 
delta_E_test = 0.000309778 
sigma_max_train = 0.578255 
sigma_max_test = 0.59899 
