[Results] 
model_name = k4 
seed = 1234 
n_pairs = 2000 
n_points = 10000 
batch_size = 10000 
function = f2 
psi = -1.0 
alpha = 2.0 
k = 4 
n_parameters = 4900 
loss function = weighted_MSE 

n_epochs = 666 
train_time = 965.097 
sigma_train = 0.0179937 
sigma_test = 0.050531 
delta_sigma_train = 0.000155446 
delta_sigma_test = 0.000483391 
E_train = 0.000565407 
E_test = 0.00489005 
delta_E_train = 1.126e-05 
delta_E_test = 0.000123394 
sigma_max_train = 0.164582 
sigma_max_test = 0.48659 
