[Results] 
model_name = 25 
seed = 1234 
n_pairs = 10000 
n_points = 50000 
batch_size = 10000 
function = f1 
psi = 2.0 
phi = 1.0 
k = 1 
n_parameters = 25 
loss function = weighted_MAPE 

n_epochs = 200 
train_time = 126.257 
sigma_train = 0.370243 
sigma_test = 0.37298 
delta_sigma_train = 0.00158131 
delta_sigma_test = 0.00159124 
E_train = 0.262088 
E_test = 0.265748 
delta_E_train = 0.00158131 
delta_E_test = 0.00159124 
sigma_max_train = 4.21342 
sigma_max_test = 4.3414 
