[Results] 
model_name = 25 
seed = 1234 
n_pairs = 10000 
n_points = 50000 
batch_size = 10000 
function = f2 
psi = -2.0 
alpha = 0.8 
k = 1 
n_parameters = 25 
loss function = weighted_MAPE 

n_epochs = 200 
train_time = 184.109 
sigma_train = 0.395003 
sigma_test = 0.398686 
delta_sigma_train = 0.00158983 
delta_sigma_test = 0.00159188 
E_train = 0.282432 
E_test = 0.285664 
delta_E_train = 0.00310163 
delta_E_test = 0.00311454 
sigma_max_train = 4.32549 
sigma_max_test = 4.71939 
