[Results] 
model_name = 25 
seed = 1234 
n_pairs = 10000 
n_points = 50000 
batch_size = 10000 
function = f2 
psi = 2.0 
alpha = 1.6 
k = 1 
n_parameters = 25 
loss function = weighted_MAPE 

n_epochs = 200 
train_time = 183.11 
sigma_train = 0.413037 
sigma_test = 0.410117 
delta_sigma_train = 0.00153458 
delta_sigma_test = 0.00153543 
E_train = 0.288302 
E_test = 0.286062 
delta_E_train = 0.00268436 
delta_E_test = 0.00272715 
sigma_max_train = 4.04469 
sigma_max_test = 4.71639 
