[Results] 
model_name = 100_200_500_seed235 
seed = 235 
psi = -10 
n_pairs = 100000 
n_points = 500000 
batch_size = 10000 
layers = 100_200_500 

n_epochs = 71 
train_time = 825.637042 
sigma_train = 0.011768 
sigma_test = 0.012131 
delta_sigma_train = 0.000014 
delta_sigma_test = 0.000014 
