[Results] 
model_name = 100_500_100_1_seed320 
seed = 320 
psi = -3.0 
n_pairs = 100000 
n_points = 500000 
batch_size = 10000 
layers = 100_500_100_1 
loss function = weighted_MAPE 

n_epochs = 121 
train_time = 1353.36 
sigma_train = 0.0420423 
sigma_test = 0.0422658 
delta_sigma_train = 6.35919e-05 
delta_sigma_test = 6.40637e-05 
E_train = 0.00378947 
E_test = 0.00383838 
delta_E_train = 6.35919e-05 
delta_E_test = 6.40637e-05 
E_max_train = 0.496433 
E_max_test = 0.445786 
