[Results] 
model_name = k2 
seed = 1234 
n_pairs = 2000 
n_points = 10000 
batch_size = 10000 
function = f1 
psi = 3.0 
phi = 1.2 
k = 2 
n_parameters = 225 
loss function = weighted_MSE 

n_epochs = 666 
train_time = 10.5042 
sigma_train = 0.0896011 
sigma_test = 0.0946758 
delta_sigma_train = 0.000746652 
delta_sigma_test = 0.000788055 
E_train = 0.0136032 
E_test = 0.0151738 
delta_E_train = 0.000221903 
delta_E_test = 0.000241149 
sigma_max_train = 0.510448 
sigma_max_test = 0.481228 
