[Results] 
model_name = f2_1000_1000_1000_1_seed1357_bs1000_lfweighted_MAPE_wclipping 
seed = 1357 
psi = 0.5 
n_pairs = 100000 
n_points = 500000 
batch_size = 1000 
layers = 1000_1000_1000_1 
loss function = weighted_MAPE 

n_epochs = 150 
train_time = 17760.3 
sigma_train = 3.72223 
sigma_test = 4.26517 
delta_sigma_train = 0.468915 
delta_sigma_test = 0.403787 
E_train = 16032 
E_test = 43818.4 
delta_E_train = 0.468915 
delta_E_test = 0.403787 
E_max_train = 508830 
E_max_test = 214045 
