[Results] 
model_name = k2 
seed = 1234 
n_pairs = 2000 
n_points = 10000 
batch_size = 10000 
function = f2 
psi = 0.0 
alpha = 2.0 
k = 2 
n_parameters = 225 
loss function = weighted_MSE 

n_epochs = 666 
train_time = 9.51634 
sigma_train = 0.178333 
sigma_test = 0.191131 
delta_sigma_train = 0.00136426 
delta_sigma_test = 0.00152655 
E_train = 0.0504149 
E_test = 0.0598346 
delta_E_train = 0.000731414 
delta_E_test = 0.000922695 
sigma_max_train = 0.883677 
sigma_max_test = 1.22951 
