[Results] 
model_name = k3 
seed = 1234 
n_pairs = 2000 
n_points = 10000 
batch_size = 10000 
function = f2 
psi = 0.0 
alpha = 2.0 
k = 3 
n_parameters = 1225 
loss function = weighted_MSE 

n_epochs = 666 
train_time = 53.585 
sigma_train = 0.07575 
sigma_test = 0.09913 
delta_sigma_train = 0.000622828 
delta_sigma_test = 0.000883228 
E_train = 0.00961721 
E_test = 0.0176277 
delta_E_train = 0.000164596 
delta_E_test = 0.000344381 
sigma_max_train = 0.529056 
sigma_max_test = 0.637843 
