[Results] 
model_name = 50_50_1 
seed = 1234 
n_pairs = 100000 
n_points = 500000 
batch_size = 5000 
function = f0 
psi = -3.6 
k = 4 
n_parameters = 3800 
loss function = weighted_MAPE 

n_epochs = 150 
train_time = 2526.55 
sigma_train = 0.0437959 
sigma_test = 0.0443392 
delta_sigma_train = 7.32936e-05 
delta_sigma_test = 7.37523e-05 
E_train = 0.0046042 
E_test = 0.00468594 
delta_E_train = 2.23823e-05 
delta_E_test = 2.24938e-05 
sigma_max_train = 0.523098 
sigma_max_test = 0.532981 
