[Results] 
model_name = 25 
seed = 1234 
n_pairs = 10000 
n_points = 50000 
batch_size = 10000 
function = f1 
psi = 2.0 
phi = 2.8 
k = 1 
n_parameters = 25 
loss function = weighted_MAPE 

n_epochs = 200 
train_time = 130.06 
sigma_train = 0.336712 
sigma_test = 0.337084 
delta_sigma_train = 0.00137406 
delta_sigma_test = 0.00138245 
E_train = 0.207819 
E_test = 0.209185 
delta_E_train = 0.00238932 
delta_E_test = 0.00241062 
sigma_max_train = 5.04792 
sigma_max_test = 5.47911 
