[Results] 
model_name = k2 
seed = 1234 
n_pairs = 2000 
n_points = 10000 
batch_size = 10000 
function = f2 
psi = -2.0 
alpha = 1.2 
k = 2 
n_parameters = 225 
loss function = weighted_MSE 

n_epochs = 666 
train_time = 9.4229 
sigma_train = 0.158619 
sigma_test = 0.163794 
delta_sigma_train = 0.00126708 
delta_sigma_test = 0.00131146 
E_train = 0.0412149 
E_test = 0.0440277 
delta_E_train = 0.000630904 
delta_E_test = 0.000697599 
sigma_max_train = 0.801397 
sigma_max_test = 0.942706 
