[Results] 
model_name = k2 
seed = 1234 
n_pairs = 2000 
n_points = 10000 
batch_size = 10000 
function = f2 
psi = -2.0 
alpha = 2.0 
k = 2 
n_parameters = 225 
loss function = weighted_MSE 

n_epochs = 666 
train_time = 10.8181 
sigma_train = 0.17644 
sigma_test = 0.183607 
delta_sigma_train = 0.00135594 
delta_sigma_test = 0.00145051 
E_train = 0.0495166 
E_test = 0.0547514 
delta_E_train = 0.000729194 
delta_E_test = 0.00082977 
sigma_max_train = 0.857267 
sigma_max_test = 1.16413 
