[Results] 
model_name = k3 
seed = 1234 
n_pairs = 2000 
n_points = 10000 
batch_size = 10000 
function = f2 
psi = -2.0 
alpha = 2.0 
k = 3 
n_parameters = 1225 
loss function = weighted_MSE 

n_epochs = 666 
train_time = 53.8347 
sigma_train = 0.0766184 
sigma_test = 0.0953643 
delta_sigma_train = 0.000641492 
delta_sigma_test = 0.000823782 
E_train = 0.0099855 
E_test = 0.0158805 
delta_E_train = 0.000194542 
delta_E_test = 0.000303638 
sigma_max_train = 0.585816 
sigma_max_test = 0.646741 
