[Results] 
model_name = 2 
seed = 1234 
n_pairs = 10000 
n_points = 50000 
batch_size = 10000 
function = f1 
psi = -2.0 
phi = 1.6 
k = 2 
n_parameters = 225 
loss function = weighted_MAPE 

n_epochs = 200 
train_time = 173.708 
sigma_train = 0.100349 
sigma_test = 0.101759 
delta_sigma_train = 0.000421343 
delta_sigma_test = 0.000423534 
E_train = 0.018943 
E_test = 0.0193242 
delta_E_train = 0.000185515 
delta_E_test = 0.000188424 
sigma_max_train = 0.88778 
sigma_max_test = 0.872958 
