[Results] 
model_name = 3 
seed = 1234 
n_pairs = 10000 
n_points = 50000 
batch_size = 10000 
function = f1 
psi = -1.0 
phi = 1.6 
k = 3 
n_parameters = 1225 
loss function = weighted_MAPE 

n_epochs = 200 
train_time = 426.426 
sigma_train = 0.0650123 
sigma_test = 0.0684977 
delta_sigma_train = 0.000376858 
delta_sigma_test = 0.000386983 
E_train = 0.0113261 
E_test = 0.0121763 
delta_E_train = 0.000188827 
delta_E_test = 0.000200169 
sigma_max_train = 1.11062 
sigma_max_test = 1.23996 
