[Results] 
model_name = k2 
seed = 1234 
n_pairs = 2000 
n_points = 10000 
batch_size = 10000 
function = f2 
psi = 1.0 
alpha = 1.2 
k = 2 
n_parameters = 225 
loss function = weighted_MSE 

n_epochs = 666 
train_time = 9.35563 
sigma_train = 0.160077 
sigma_test = 0.174162 
delta_sigma_train = 0.00127385 
delta_sigma_test = 0.00144847 
E_train = 0.0418514 
E_test = 0.0513131 
delta_E_train = 0.000648575 
delta_E_test = 0.000898744 
sigma_max_train = 0.821545 
sigma_max_test = 0.85117 
