[Results] 
model_name = k3 
seed = 1234 
n_pairs = 2000 
n_points = 10000 
batch_size = 10000 
function = f1 
psi = 0.0 
phi = 1.2 
k = 3 
n_parameters = 1225 
loss function = weighted_MSE 

n_epochs = 666 
train_time = 54.7467 
sigma_train = 0.0267043 
sigma_test = 0.0318143 
delta_sigma_train = 0.000251997 
delta_sigma_test = 0.000284751 
E_train = 0.00134814 
E_test = 0.00182299 
delta_E_train = 3.86569e-05 
delta_E_test = 4.2798e-05 
sigma_max_train = 0.336482 
sigma_max_test = 0.368374 
