[Results] 
model_name = 2 
seed = 1234 
n_pairs = 10000 
n_points = 50000 
batch_size = 10000 
function = f1 
psi = -3.0 
phi = 3.0 
k = 2 
n_parameters = 225 
loss function = weighted_MAPE 

n_epochs = 200 
train_time = 175.348 
sigma_train = 0.16582 
sigma_test = 0.168047 
delta_sigma_train = 0.000700335 
delta_sigma_test = 0.000710592 
E_train = 0.05202 
E_test = 0.0534786 
delta_E_train = 0.000716188 
delta_E_test = 0.000733836 
sigma_max_train = 2.19932 
sigma_max_test = 2.21799 
