[Results] 
model_name = 100_500_100_seed235 
seed = 235 
psi = 0.01 
n_pairs = 100000 
n_points = 500000 
batch_size = 10000 
layers = 100_500_100 

n_epochs = 51 
train_time = 1420.986962 
sigma_train = 0.004927 
sigma_test = 0.004914 
delta_sigma_train = 0.000005 
delta_sigma_test = 0.000005 
