[Results] 
model_name = k2 
seed = 1234 
n_pairs = 2000 
n_points = 10000 
batch_size = 10000 
function = f1 
psi = 2.0 
phi = 2.8 
k = 2 
n_parameters = 225 
loss function = weighted_MSE 

n_epochs = 666 
train_time = 19.8764 
sigma_train = 0.107989 
sigma_test = 0.115567 
delta_sigma_train = 0.000883844 
delta_sigma_test = 0.000918963 
E_train = 0.0194734 
E_test = 0.0218006 
delta_E_train = 0.000351885 
delta_E_test = 0.00035206 
sigma_max_train = 0.674765 
sigma_max_test = 0.590293 
