[Results] 
model_name = 25 
seed = 1234 
n_pairs = 10000 
n_points = 50000 
batch_size = 10000 
function = f2 
psi = 0.0 
alpha = 0.4 
k = 1 
n_parameters = 25 
loss function = weighted_MAPE 

n_epochs = 200 
train_time = 186.427 
sigma_train = 0.387759 
sigma_test = 0.390823 
delta_sigma_train = 0.00164134 
delta_sigma_test = 0.00164701 
E_train = 0.285097 
E_test = 0.288394 
delta_E_train = 0.00355242 
delta_E_test = 0.00356246 
sigma_max_train = 4.71394 
sigma_max_test = 4.83626 
