[Results] 
model_name = 100_100_1000_seed1235 
seed = 1235 
psi = 0.5 
n_pairs = 100000 
n_points = 500000 
batch_size = 1000 
layers = 100_100_1000 

n_epochs = 31 
train_time = 962.492274 
sigma_train = 0.009663 
sigma_test = 0.009696 
delta_sigma_train = 0.000012 
delta_sigma_test = 0.000012 
