[Results] 
model_name = 100_500_500_seed2345 
seed = 2345 
psi = 0.5 
n_pairs = 100000 
n_points = 500000 
batch_size = 1000 
layers = 100_500_500 

n_epochs = 101 
train_time = 3404.048051 
sigma_train = 0.002750 
sigma_test = 0.002771 
delta_sigma_train = 0.000003 
delta_sigma_test = 0.000003 
