[Results] 
model_name = 100_100_500_seed1235 
seed = 1235 
psi = 0.5 
n_pairs = 100000 
n_points = 500000 
batch_size = 1000 
layers = 100_100_500 

n_epochs = 51 
train_time = 1482.283710 
sigma_train = 0.009161 
sigma_test = 0.009178 
delta_sigma_train = 0.000012 
delta_sigma_test = 0.000012 
