[Results] 
model_name = 100_100_1000_seed2345 
seed = 2345 
psi = 0.5 
n_pairs = 100000 
n_points = 500000 
batch_size = 1000 
layers = 100_100_1000 

n_epochs = 41 
train_time = 1317.181843 
sigma_train = 0.009010 
sigma_test = 0.009033 
delta_sigma_train = 0.000012 
delta_sigma_test = 0.000012 
