[Results] 
model_name = 100_500_100_seed2345 
seed = 2345 
psi = 0.5 
n_pairs = 100000 
n_points = 500000 
batch_size = 1000 
layers = 100_500_100 

n_epochs = 51 
train_time = 1486.920922 
sigma_train = 0.006096 
sigma_test = 0.006145 
delta_sigma_train = 0.000007 
delta_sigma_test = 0.000007 
