[Results] 
model_name = 100_500_100_1_seed2345 
seed = 2345 
psi = 0.5 
n_pairs = 100000 
n_points = 500000 
batch_size = 1000 
layers = 100_500_100_1 

n_epochs = 151 
train_time = 4308.554885 
sigma_train = 0.002367 
sigma_test = 0.002408 
delta_sigma_train = 0.000003 
delta_sigma_test = 0.000003 
