[Results] 
model_name = 100_500_1000_1_seed1235 
seed = 1235 
psi = 0.5 
n_pairs = 100000 
n_points = 500000 
batch_size = 1000 
layers = 100_500_1000_1 

n_epochs = 181 
train_time = 7130.563703 
sigma_train = 0.002098 
sigma_test = 0.002139 
delta_sigma_train = 0.000002 
delta_sigma_test = 0.000002 
