[Results] 
model_name = 100_500_500_seed1235 
seed = 1235 
psi = 0.5 
n_pairs = 100000 
n_points = 500000 
batch_size = 1000 
layers = 100_500_500 

n_epochs = 121 
train_time = 3899.498896 
sigma_train = 0.002880 
sigma_test = 0.002908 
delta_sigma_train = 0.000003 
delta_sigma_test = 0.000003 
