[Results] 
model_name = 100_100_500_seed1234 
seed = 1234 
psi = 0.5 
n_pairs = 100000 
n_points = 500000 
batch_size = 1000 
layers = 100_100_500 

n_epochs = 51 
train_time = 1470.119470 
sigma_train = 0.009053 
sigma_test = 0.009115 
delta_sigma_train = 0.000012 
delta_sigma_test = 0.000012 
