[Results] 
model_name = 100_100_100_seed1235 
seed = 1235 
psi = 0.5 
n_pairs = 100000 
n_points = 500000 
batch_size = 1000 
layers = 100_100_100 

n_epochs = 61 
train_time = 1730.677214 
sigma_train = 0.008974 
sigma_test = 0.009008 
delta_sigma_train = 0.000012 
delta_sigma_test = 0.000012 
