[Results] 
model_name = 100_500_1000_1_seed2345 
seed = 2345 
psi = 0.5 
n_pairs = 100000 
n_points = 500000 
batch_size = 1000 
layers = 100_500_1000_1 

n_epochs = 81 
train_time = 3024.455542 
sigma_train = 0.003181 
sigma_test = 0.003206 
delta_sigma_train = 0.000004 
delta_sigma_test = 0.000004 
