[Results] 
model_name = 100_500_1000_1_seed1234 
seed = 1234 
psi = 0.5 
n_pairs = 100000 
n_points = 500000 
batch_size = 1000 
layers = 100_500_1000_1 

n_epochs = 71 
train_time = 2921.491993 
sigma_train = 0.003289 
sigma_test = 0.003318 
delta_sigma_train = 0.000004 
delta_sigma_test = 0.000004 
