[Results] 
model_name = 200_500_500_seed1234 
seed = 1234 
psi = 0.5 
n_pairs = 100000 
n_points = 500000 
batch_size = 1000 
layers = 200_500_500 

n_epochs = 61 
train_time = 2049.501866 
sigma_train = 0.003277 
sigma_test = 0.003291 
delta_sigma_train = 0.000003 
delta_sigma_test = 0.000003 
