[Results] 
model_name = 200_500_500_seed2345 
seed = 2345 
psi = 0.5 
n_pairs = 100000 
n_points = 500000 
batch_size = 1000 
layers = 200_500_500 

n_epochs = 41 
train_time = 1411.229349 
sigma_train = 0.003842 
sigma_test = 0.003874 
delta_sigma_train = 0.000004 
delta_sigma_test = 0.000004 
