[Results] 
model_name = 500_500_1000_seed2345 
seed = 2345 
psi = 0.5 
n_pairs = 100000 
n_points = 500000 
batch_size = 1000 
layers = 500_500_1000 

n_epochs = 71 
train_time = 3116.676247 
sigma_train = 0.003088 
sigma_test = 0.003109 
delta_sigma_train = 0.000003 
delta_sigma_test = 0.000003 
