[Results] 
model_name = 500_500_500_seed1235 
seed = 1235 
psi = 0.5 
n_pairs = 100000 
n_points = 500000 
batch_size = 1000 
layers = 500_500_500 

n_epochs = 41 
train_time = 1562.753894 
sigma_train = 0.003926 
sigma_test = 0.003934 
delta_sigma_train = 0.000004 
delta_sigma_test = 0.000004 
