[Results] 
model_name = 500_500_1000_seed1235 
seed = 1235 
psi = 0.5 
n_pairs = 100000 
n_points = 500000 
batch_size = 1000 
layers = 500_500_1000 

n_epochs = 61 
train_time = 2789.144691 
sigma_train = 0.002845 
sigma_test = 0.002856 
delta_sigma_train = 0.000003 
delta_sigma_test = 0.000003 
