[Results] 
model_name = 500_500_1000_seed1234 
seed = 1234 
psi = 0.5 
n_pairs = 100000 
n_points = 500000 
batch_size = 1000 
layers = 500_500_1000 

n_epochs = 71 
train_time = 3106.856151 
sigma_train = 0.002777 
sigma_test = 0.002801 
delta_sigma_train = 0.000003 
delta_sigma_test = 0.000003 
