[Results] 
model_name = 50_500_500_seed2345 
seed = 2345 
psi = 0.5 
n_pairs = 100000 
n_points = 500000 
batch_size = 1000 
layers = 50_500_500 

n_epochs = 61 
train_time = 1927.978786 
sigma_train = 0.009148 
sigma_test = 0.009162 
delta_sigma_train = 0.000012 
delta_sigma_test = 0.000012 
