[Results] 
model_name = 100_500_1000_1_f0_seed170.5 
seed = 17 
psi = 0.5 
n_pairs = 100000 
n_points = 500000 
batch_size = 1000 
layers = 100_500_1000_1 

n_epochs = 81 
train_time = 41671.889869 
sigma_train = 0.002753 
sigma_test = 0.002778 
delta_sigma_train = 0.000003 
delta_sigma_test = 0.000003 
