[Results] 
model_name = 25 
seed = 1234 
n_pairs = 10000 
n_points = 50000 
batch_size = 10000 
function = f2 
psi = 0.0 
alpha = 2.8 
k = 1 
n_parameters = 25 
loss function = weighted_MAPE 

n_epochs = 200 
train_time = 181.671 
sigma_train = 0.373316 
sigma_test = 0.375548 
delta_sigma_train = 0.00134294 
delta_sigma_test = 0.00136132 
E_train = 0.229539 
E_test = 0.233693 
delta_E_train = 0.00191464 
delta_E_test = 0.00198954 
sigma_max_train = 3.38459 
sigma_max_test = 3.42669 
