[Results] 
model_name = 50_100_200_seed1234 
seed = 1234 
psi = -6 
n_pairs = 100000 
n_points = 500000 
batch_size = 1000 
layers = 50_100_200 

n_epochs = 201 
train_time = 5707.051785 
sigma_train = 0.016672 
sigma_test = 0.017159 
delta_sigma_train = 0.000031 
delta_sigma_test = 0.000033 
