[Results] 
model_name = k2 
seed = 1234 
n_pairs = 2000 
n_points = 10000 
batch_size = 10000 
function = f2 
psi = 0.0 
alpha = 2.8 
k = 2 
n_parameters = 225 
loss function = weighted_MSE 

n_epochs = 666 
train_time = 9.64814 
sigma_train = 0.185327 
sigma_test = 0.193341 
delta_sigma_train = 0.00142643 
delta_sigma_test = 0.00154236 
E_train = 0.0546933 
E_test = 0.0611696 
delta_E_train = 0.000781324 
delta_E_test = 0.000941813 
sigma_max_train = 0.892433 
sigma_max_test = 1.02431 
