[Results] 
model_name = k4 
seed = 1234 
n_pairs = 2000 
n_points = 10000 
batch_size = 10000 
function = f2 
psi = 0.0 
alpha = 2.8 
k = 4 
n_parameters = 4900 
loss function = weighted_MSE 

n_epochs = 666 
train_time = 1191.58 
sigma_train = 0.0181261 
sigma_test = 0.0539429 
delta_sigma_train = 0.000151629 
delta_sigma_test = 0.000540836 
E_train = 0.00055847 
E_test = 0.00583487 
delta_E_train = 1.00448e-05 
delta_E_test = 0.000151348 
sigma_max_train = 0.14834 
sigma_max_test = 0.491759 
