[Results] 
model_name = 100_500_100_1_seed320 
seed = 320 
psi = -0.01 
n_pairs = 100000 
n_points = 500000 
batch_size = 10000 
layers = 100_500_100_1 
loss function = weighted_MAPE 

n_epochs = 561 
train_time = 10351.6 
sigma_train = 0.00270142 
sigma_test = 0.00271336 
delta_sigma_train = 3.6773e-06 
delta_sigma_test = 3.66273e-06 
E_train = 1.40583e-05 
E_test = 1.40707e-05 
delta_E_train = 3.6773e-06 
delta_E_test = 3.66273e-06 
E_max_train = 0.0039251 
E_max_test = 0.00388138 
