[Results] 
model_name = k3 
seed = 1234 
n_pairs = 2000 
n_points = 10000 
batch_size = 10000 
function = f1 
psi = 0.0 
phi = 1.6 
k = 3 
n_parameters = 1225 
loss function = weighted_MSE 

n_epochs = 666 
train_time = 98.7683 
sigma_train = 0.0256103 
sigma_test = 0.0316711 
delta_sigma_train = 0.000244157 
delta_sigma_test = 0.000283629 
E_train = 0.00125202 
E_test = 0.00180751 
delta_E_train = 3.69001e-05 
delta_E_test = 4.31388e-05 
sigma_max_train = 0.329465 
sigma_max_test = 0.379842 
