[Results] 
model_name = 50_50_1 
seed = 1234 
n_pairs = 100000 
n_points = 500000 
batch_size = 5000 
function = f0 
psi = -2.8 
k = 4 
n_parameters = 3800 
loss function = weighted_MAPE 

n_epochs = 150 
train_time = 2085.14 
sigma_train = 0.034243 
sigma_test = 0.0347023 
delta_sigma_train = 5.01444e-05 
delta_sigma_test = 5.06162e-05 
E_train = 0.00243005 
E_test = 0.0024854 
delta_E_train = 9.3405e-06 
delta_E_test = 9.41747e-06 
sigma_max_train = 0.375558 
sigma_max_test = 0.349816 
