[Results] 
model_name = 100_500_100_1_seed1234 
seed = 1234 
psi = -0.01 
n_pairs = 100000 
n_points = 500000 
batch_size = 1000 
layers = 100_500_100_1 
loss function = weighted_MAPE 

n_epochs = 151 
train_time = 7418.01 
sigma_train = 0.00164983 
sigma_test = 0.00165493 
delta_sigma_train = 1.78516e-06 
delta_sigma_test = 1.79043e-06 
E_train = 4.31521e-06 
E_test = 4.34173e-06 
delta_E_train = 1.78516e-06 
delta_E_test = 1.79043e-06 
E_max_train = 0.0437847 
E_max_test = 0.043023 
