[Results] 
model_name = 2 
seed = 1234 
n_pairs = 10000 
n_points = 50000 
batch_size = 10000 
function = f2 
psi = -3.0 
alpha = 2.0 
k = 2 
n_parameters = 225 
loss function = weighted_MAPE 

n_epochs = 200 
train_time = 178.482 
sigma_train = 0.177741 
sigma_test = 0.178333 
delta_sigma_train = 0.00063898 
delta_sigma_test = 0.00063843 
E_train = 0.0520147 
E_test = 0.0521849 
delta_E_train = 0.000361083 
delta_E_test = 0.000361124 
sigma_max_train = 1.0925 
sigma_max_test = 1.24136 
