[Results] 
model_name = 500_500_500_500_1 
seed = 1234 
n_pairs = 20000 
n_points = 100000 
batch_size = 5000 
function = f1 
psi = 1.0 
phi = 2.8 
k = 16 
n_parameters = 763000 
loss function = weighted_MAPE 

n_epochs = 400 
train_time = 7201.38 
sigma_train = 1.98187 
sigma_test = 1.99312 
delta_sigma_train = 0.110685 
delta_sigma_test = 0.243727 
E_train = 1318.32 
E_test = 6235.92 
delta_E_train = 411.352 
delta_E_test = 1687.18 
sigma_max_train = 7791.14 
sigma_max_test = 14896.7 
