[Results] 
model_name = k2 
seed = 1234 
n_pairs = 2000 
n_points = 10000 
batch_size = 10000 
function = f2 
psi = 3.0 
alpha = 0.0 
k = 2 
n_parameters = 225 
loss function = weighted_MSE 

n_epochs = 666 
train_time = 8.41474 
sigma_train = 0.0790835 
sigma_test = 0.0819611 
delta_sigma_train = 0.000674943 
delta_sigma_test = 0.000706988 
E_train = 0.0108097 
E_test = 0.0117159 
delta_E_train = 0.00017427 
delta_E_test = 0.00019307 
sigma_max_train = 0.467732 
sigma_max_test = 0.445447 
