[Results] 
model_name = k3 
seed = 1234 
n_pairs = 2000 
n_points = 10000 
batch_size = 10000 
function = f2 
psi = 1.0 
alpha = 1.6 
k = 3 
n_parameters = 1225 
loss function = weighted_MSE 

n_epochs = 666 
train_time = 47.0008 
sigma_train = 0.0754343 
sigma_test = 0.0976434 
delta_sigma_train = 0.000639737 
delta_sigma_test = 0.000849129 
E_train = 0.00978298 
E_test = 0.0167444 
delta_E_train = 0.000184891 
delta_E_test = 0.00030851 
sigma_max_train = 0.566666 
sigma_max_test = 0.582028 
