[Results] 
model_name = k4 
seed = 1234 
n_pairs = 2000 
n_points = 10000 
batch_size = 10000 
function = f2 
psi = 1.0 
alpha = 1.6 
k = 4 
n_parameters = 4900 
loss function = weighted_MSE 

n_epochs = 666 
train_time = 839.021 
sigma_train = 0.0188372 
sigma_test = 0.0554008 
delta_sigma_train = 0.000161493 
delta_sigma_test = 0.000536503 
E_train = 0.00061564 
E_test = 0.0059476 
delta_E_train = 1.18711e-05 
delta_E_test = 0.000141815 
sigma_max_train = 0.152026 
sigma_max_test = 0.467024 
