[Results] 
model_name = 3 
seed = 1234 
n_pairs = 10000 
n_points = 50000 
batch_size = 10000 
function = f1 
psi = -3.0 
phi = 1.2 
k = 3 
n_parameters = 1225 
loss function = weighted_MAPE 

n_epochs = 200 
train_time = 411.898 
sigma_train = 0.0778081 
sigma_test = 0.0812924 
delta_sigma_train = 0.000384121 
delta_sigma_test = 0.000378477 
E_train = 0.0134314 
E_test = 0.0137703 
delta_E_train = 0.000175566 
delta_E_test = 0.000164785 
sigma_max_train = 0.760926 
sigma_max_test = 0.755225 
