[Results] 
model_name = 3 
seed = 1234 
n_pairs = 10000 
n_points = 50000 
batch_size = 10000 
function = f2 
psi = 3.0 
alpha = 3.0 
k = 3 
n_parameters = 1225 
loss function = weighted_MAPE 

n_epochs = 200 
train_time = 401.604 
sigma_train = 0.094566 
sigma_test = 0.100498 
delta_sigma_train = 0.000410924 
delta_sigma_test = 0.000430516 
E_train = 0.0173938 
E_test = 0.0193656 
delta_E_train = 0.000182588 
delta_E_test = 0.000201421 
sigma_max_train = 0.86742 
sigma_max_test = 0.864624 
