[Results] 
model_name = 100_500_100_1_seed320 
seed = 320 
psi = -15.0 
n_pairs = 100000 
n_points = 500000 
batch_size = 10000 
layers = 100_500_100_1 
loss function = weighted_MAPE 

n_epochs = 411 
train_time = 11904.8 
sigma_train = 0.00620293 
sigma_test = 0.00631989 
delta_sigma_train = 6.90494e-06 
delta_sigma_test = 7.02997e-06 
E_train = 6.23156e-05 
E_test = 6.46516e-05 
delta_E_train = 6.90494e-06 
delta_E_test = 7.02997e-06 
E_max_train = 0.00658592 
E_max_test = 0.00682237 
