[Results] 
model_name = 100_500_100_1_seed1729 
seed = 1729 
psi = -0.5 
phi = 4.0 
n_pairs = 100000 
n_points = 500000 
batch_size = 10000 
layers = 100_500_100_1 
loss function = weighted_MAPE 

n_epochs = 431 
train_time = 8725.07 
sigma_train = 0.0125329 
sigma_test = 0.0126043 
delta_sigma_train = 1.56292e-05 
delta_sigma_test = 1.57001e-05 
E_train = 0.000279222 
E_test = 0.000282122 
delta_E_train = 1.56292e-05 
delta_E_test = 1.57001e-05 
E_max_train = 0.10452 
E_max_test = 0.103523 
