[Results] 
model_name = 25 
seed = 1234 
n_pairs = 10000 
n_points = 50000 
batch_size = 10000 
function = f1 
psi = -3.0 
phi = 1.2 
k = 1 
n_parameters = 25 
loss function = weighted_MAPE 

n_epochs = 200 
train_time = 134.522 
sigma_train = 0.359198 
sigma_test = 0.36008 
delta_sigma_train = 0.0015172 
delta_sigma_test = 0.00152045 
E_train = 0.244085 
E_test = 0.2452 
delta_E_train = 0.0015172 
delta_E_test = 0.00152045 
sigma_max_train = 3.9038 
sigma_max_test = 4.33993 
