[Results] 
model_name = 100_100_100_seed2345 
seed = 2345 
psi = 0.5 
n_pairs = 100000 
n_points = 500000 
batch_size = 1000 
layers = 100_100_100 

n_epochs = 21 
train_time = 612.138243 
sigma_train = 0.009742 
sigma_test = 0.009763 
delta_sigma_train = 0.000012 
delta_sigma_test = 0.000012 
