[Results] 
model_name = 100_500_100_seed1234 
seed = 1234 
psi = 0.5 
n_pairs = 100000 
n_points = 500000 
batch_size = 1000 
layers = 100_500_100 

n_epochs = 61 
train_time = 1860.188983 
sigma_train = 0.003204 
sigma_test = 0.003220 
delta_sigma_train = 0.000004 
delta_sigma_test = 0.000004 
