[Results] 
model_name = 100_100_100_seed1234 
seed = 1234 
psi = 0.5 
n_pairs = 100000 
n_points = 500000 
batch_size = 1000 
layers = 100_100_100 

n_epochs = 31 
train_time = 891.920542 
sigma_train = 0.009283 
sigma_test = 0.009331 
delta_sigma_train = 0.000012 
delta_sigma_test = 0.000012 
