[Results] 
model_name = 100_500_2000_seed1234 
seed = 1234 
psi = 0.5 
n_pairs = 100000 
n_points = 500000 
batch_size = 1000 
layers = 100_500_2000 

n_epochs = 81 
train_time = 4265.442375 
sigma_train = 0.002946 
sigma_test = 0.002961 
delta_sigma_train = 0.000003 
delta_sigma_test = 0.000003 
