[Results] 
model_name = 100_100_500_seed2345 
seed = 2345 
psi = 0.5 
n_pairs = 100000 
n_points = 500000 
batch_size = 1000 
layers = 100_100_500 

n_epochs = 51 
train_time = 1478.787194 
sigma_train = 0.008533 
sigma_test = 0.008571 
delta_sigma_train = 0.000011 
delta_sigma_test = 0.000011 
