[Results] 
model_name = 100_500_100_1_seed1235 
seed = 1235 
psi = 0.5 
n_pairs = 100000 
n_points = 500000 
batch_size = 1000 
layers = 100_500_100_1 

n_epochs = 151 
train_time = 4294.070910 
sigma_train = 0.002614 
sigma_test = 0.002637 
delta_sigma_train = 0.000003 
delta_sigma_test = 0.000003 
