[Results] 
model_name = 500_500_500_seed2345 
seed = 2345 
psi = 0.5 
n_pairs = 100000 
n_points = 500000 
batch_size = 1000 
layers = 500_500_500 

n_epochs = 61 
train_time = 2306.290962 
sigma_train = 0.003365 
sigma_test = 0.003385 
delta_sigma_train = 0.000004 
delta_sigma_test = 0.000004 
