[Results] 
model_name = 500_100_100_seed1234 
seed = 1234 
psi = 0.5 
n_pairs = 100000 
n_points = 500000 
batch_size = 1000 
layers = 500_100_100 

n_epochs = 31 
train_time = 944.889117 
sigma_train = 0.003960 
sigma_test = 0.003972 
delta_sigma_train = 0.000004 
delta_sigma_test = 0.000004 
