[Results] 
model_name = 500_100_100_seed2345 
seed = 2345 
psi = 0.5 
n_pairs = 100000 
n_points = 500000 
batch_size = 1000 
layers = 500_100_100 

n_epochs = 51 
train_time = 1496.660994 
sigma_train = 0.003452 
sigma_test = 0.003472 
delta_sigma_train = 0.000004 
delta_sigma_test = 0.000004 
