[Results] 
model_name = 50_100_100_seed1235 
seed = 1235 
psi = 0.5 
n_pairs = 100000 
n_points = 500000 
batch_size = 1000 
layers = 50_100_100 

n_epochs = 51 
train_time = 1402.059072 
sigma_train = 0.008938 
sigma_test = 0.008960 
delta_sigma_train = 0.000012 
delta_sigma_test = 0.000012 
