[Results] 
model_name = 50_100_100_seed2345 
seed = 2345 
psi = 0.5 
n_pairs = 100000 
n_points = 500000 
batch_size = 1000 
layers = 50_100_100 

n_epochs = 21 
train_time = 576.964713 
sigma_train = 0.009210 
sigma_test = 0.009226 
delta_sigma_train = 0.000012 
delta_sigma_test = 0.000012 
