[Results] 
model_name = 50_100_500_seed1234 
seed = 1234 
psi = 0.5 
n_pairs = 100000 
n_points = 500000 
batch_size = 1000 
layers = 50_100_500 

n_epochs = 41 
train_time = 1173.619580 
sigma_train = 0.009189 
sigma_test = 0.009217 
delta_sigma_train = 0.000012 
delta_sigma_test = 0.000012 
