[Results] 
model_name = 50_100_500_seed2345_esv2 
seed = 2345 
psi = 0.5 
n_pairs = 100000 
n_points = 500000 
batch_size = 1000 
layers = 50_100_500 

n_epochs = 101 
train_time = 2845.962480 
sigma_train = 0.008599 
sigma_test = 0.008613 
delta_sigma_train = 0.000012 
delta_sigma_test = 0.000012 
