[Results] 
model_name = 50_500_500_seed1234 
seed = 1234 
psi = 0.5 
n_pairs = 100000 
n_points = 500000 
batch_size = 1000 
layers = 50_500_500 

n_epochs = 41 
train_time = 1283.763185 
sigma_train = 0.008278 
sigma_test = 0.008338 
delta_sigma_train = 0.000010 
delta_sigma_test = 0.000010 
