[Results] 
model_name = 50_500_500_seed1235 
seed = 1235 
psi = 0.5 
n_pairs = 100000 
n_points = 500000 
batch_size = 1000 
layers = 50_500_500 

n_epochs = 31 
train_time = 991.159088 
sigma_train = 0.009504 
sigma_test = 0.009546 
delta_sigma_train = 0.000012 
delta_sigma_test = 0.000012 
