[Results] 
model_name = 100_500_100_1_seed1235 
seed = 1235 
psi = 0.5 
n_pairs = 100000 
n_points = 500000 
batch_size = 1000 
layers = 100_500_100_1 

n_epochs = 111 
train_time = 3261.243526 
sigma_train = 0.003577 
sigma_test = 0.003591 
delta_sigma_train = 0.000006 
delta_sigma_test = 0.000006 
E_train = 0.000020 
E_test = 0.000020 
E_max_train = 0.001639 
E_max_test = 0.001670 
