[Results] 
model_name = k2 
seed = 1234 
n_pairs = 2000 
n_points = 10000 
batch_size = 10000 
function = f1 
psi = -1.0 
phi = 2.0 
k = 2 
n_parameters = 225 
loss function = weighted_MSE 

n_epochs = 666 
train_time = 16.7184 
sigma_train = 0.0677441 
sigma_test = 0.0713319 
delta_sigma_train = 0.00054095 
delta_sigma_test = 0.000570845 
E_train = 0.00751554 
E_test = 0.00834688 
delta_E_train = 0.000121356 
delta_E_test = 0.000139665 
sigma_max_train = 0.440155 
sigma_max_test = 0.459933 
