[Results] 
model_name = k3 
seed = 1234 
n_pairs = 2000 
n_points = 10000 
batch_size = 10000 
function = f1 
psi = -1.0 
phi = 2.0 
k = 3 
n_parameters = 1225 
loss function = weighted_MSE 

n_epochs = 666 
train_time = 233.005 
sigma_train = 0.0378327 
sigma_test = 0.0542827 
delta_sigma_train = 0.000331295 
delta_sigma_test = 0.000497003 
E_train = 0.00252888 
E_test = 0.00541673 
delta_E_train = 5.01728e-05 
delta_E_test = 0.000111145 
sigma_max_train = 0.329457 
sigma_max_test = 0.368116 
