[Results] 
model_name = 25 
seed = 1234 
n_pairs = 10000 
n_points = 50000 
batch_size = 10000 
function = f1 
psi = -2.0 
phi = -1.0 
k = 1 
n_parameters = 25 
loss function = weighted_MAPE 

n_epochs = 50 
train_time = 37.0358 
sigma_train = 0.34678 
sigma_test = 0.347928 
delta_sigma_train = 0.00147161 
delta_sigma_test = 0.00148243 
E_train = 0.228534 
E_test = 0.230941 
delta_E_train = 0.00147161 
delta_E_test = 0.00148243 
sigma_max_train = 4.52313 
sigma_max_test = 4.55104 
