[Results] 
model_name = k2 
seed = 1234 
n_pairs = 2000 
n_points = 10000 
batch_size = 10000 
function = f1 
psi = 3.0 
phi = 2.4 
k = 2 
n_parameters = 225 
loss function = weighted_MSE 

n_epochs = 666 
train_time = 25.277 
sigma_train = 0.0936079 
sigma_test = 0.106356 
delta_sigma_train = 0.000748554 
delta_sigma_test = 0.000832751 
E_train = 0.0143658 
E_test = 0.0182463 
delta_E_train = 0.000221733 
delta_E_test = 0.000289659 
sigma_max_train = 0.453818 
sigma_max_test = 0.508502 
