[Results] 
model_name = k3 
seed = 1234 
n_pairs = 2000 
n_points = 10000 
batch_size = 10000 
function = f1 
psi = 3.0 
phi = 2.4 
k = 3 
n_parameters = 1225 
loss function = weighted_MSE 

n_epochs = 666 
train_time = 446.777 
sigma_train = 0.0529244 
sigma_test = 0.105646 
delta_sigma_train = 0.000493936 
delta_sigma_test = 0.0021048 
E_train = 0.00524072 
E_test = 0.0554629 
delta_E_train = 9.95967e-05 
delta_E_test = 0.00497716 
sigma_max_train = 0.330935 
sigma_max_test = 2.58106 
