[Results] 
model_name = k4 
seed = 1234 
n_pairs = 2000 
n_points = 10000 
batch_size = 10000 
function = f1 
psi = 3.0 
phi = 2.4 
k = 4 
n_parameters = 4900 
loss function = weighted_MSE 

n_epochs = 666 
train_time = 1501 
sigma_train = 0.0198488 
sigma_test = 0.131105 
delta_sigma_train = 0.000202031 
delta_sigma_test = 0.00158114 
E_train = 0.000802141 
E_test = 0.0421885 
delta_E_train = 1.75019e-05 
delta_E_test = 0.00125931 
sigma_max_train = 0.195822 
sigma_max_test = 0.960134 
