[Results] 
model_name = 2 
seed = 1234 
n_pairs = 10000 
n_points = 50000 
batch_size = 10000 
function = f2 
psi = -1.0 
alpha = 2.4 
k = 2 
n_parameters = 225 
loss function = weighted_MAPE 

n_epochs = 200 
train_time = 183.008 
sigma_train = 0.184125 
sigma_test = 0.18599 
delta_sigma_train = 0.000668174 
delta_sigma_test = 0.000669872 
E_train = 0.056224 
E_test = 0.0570317 
delta_E_train = 0.000395901 
delta_E_test = 0.000399142 
sigma_max_train = 1.22518 
sigma_max_test = 1.29904 
