[Results] 
model_name = 500_500_100_1_seed1234 
seed = 1234 
psi = -0.5 
alpha = 1.6 
n_pairs = 100000 
n_points = 500000 
batch_size = 1000 
layers = 500_500_100_1 
loss function = weighted_MAPE 

n_epochs = 151 
train_time = 5786.96 
sigma_train = 0.00771956 
sigma_test = 0.00808593 
delta_sigma_train = 1.23396e-05 
delta_sigma_test = 1.33604e-05 
E_train = 0.000135671 
E_test = 0.000154683 
delta_E_train = 1.23396e-05 
delta_E_test = 1.33604e-05 
E_max_train = 0.0633483 
E_max_test = 0.071 
