[Results] 
model_name = k2 
seed = 1234 
n_pairs = 2000 
n_points = 10000 
batch_size = 10000 
function = f2 
psi = 1.0 
alpha = 2.8 
k = 2 
n_parameters = 225 
loss function = weighted_MSE 

n_epochs = 666 
train_time = 10.2411 
sigma_train = 0.186446 
sigma_test = 0.193635 
delta_sigma_train = 0.00143972 
delta_sigma_test = 0.00154149 
E_train = 0.0554901 
E_test = 0.0612564 
delta_E_train = 0.000805764 
delta_E_test = 0.000937446 
sigma_max_train = 0.895297 
sigma_max_test = 0.980634 
