[Results] 
model_name = k3 
seed = 1234 
n_pairs = 2000 
n_points = 10000 
batch_size = 10000 
function = f2 
psi = 1.0 
alpha = 2.8 
k = 3 
n_parameters = 1225 
loss function = weighted_MSE 

n_epochs = 666 
train_time = 64.6867 
sigma_train = 0.0808113 
sigma_test = 0.101687 
delta_sigma_train = 0.00064927 
delta_sigma_test = 0.000905322 
E_train = 0.010746 
E_test = 0.0185363 
delta_E_train = 0.000172489 
delta_E_test = 0.000361446 
sigma_max_train = 0.447153 
sigma_max_test = 0.735671 
