[Results] 
model_name = 100_500_100_1_seed1234 
seed = 1234 
psi = 0.01 
n_pairs = 100000 
n_points = 500000 
batch_size = 10000 
layers = 100_500_100_1 
loss function = weighted_MAPE 

n_epochs = 331 
train_time = 6296.6 
sigma_train = 0.00263962 
sigma_test = 0.0026501 
delta_sigma_train = 2.92578e-06 
delta_sigma_test = 2.92888e-06 
E_train = 1.12487e-05 
E_test = 1.13117e-05 
delta_E_train = 2.92578e-06 
delta_E_test = 2.92888e-06 
E_max_train = 0.00206036 
E_max_test = 0.00215941 
