[Results] 
model_name = 100_500_100_1_seed1234 
seed = 1234 
psi = -6.0 
n_pairs = 100000 
n_points = 500000 
batch_size = 10000 
layers = 100_500_100_1 
loss function = weighted_MAPE 

n_epochs = 681 
train_time = 12736.6 
sigma_train = 0.00619419 
sigma_test = 0.00671588 
delta_sigma_train = 1.32569e-05 
delta_sigma_test = 1.5343e-05 
E_train = 0.000126219 
E_test = 0.000162755 
delta_E_train = 1.32569e-05 
delta_E_test = 1.5343e-05 
E_max_train = 0.269397 
E_max_test = 0.25682 
