[Results] 
model_name = 100_500_100_1_seed1234 
seed = 1234 
psi = -6.0 
n_pairs = 100000 
n_points = 500000 
batch_size = 10000 
layers = 100_500_100_1 
loss function = weighted_MAPE 

n_epochs = 681 
train_time = 12736.6 
sigma_train = 0.00619245 
sigma_test = 0.00671523 
delta_sigma_train = 1.32559e-05 
delta_sigma_test = 1.53406e-05 
E_train = 0.000126214 
E_test = 0.00016277 
delta_E_train = 1.32559e-05 
delta_E_test = 1.53406e-05 
E_max_train = 0.0391773 
E_max_test = 0.0433961 
