[Results] 
model_name = 25 
seed = 1234 
n_pairs = 10000 
n_points = 50000 
batch_size = 10000 
function = f1 
psi = -2.0 
phi = 2.4 
k = 1 
n_parameters = 25 
loss function = weighted_MAPE 

n_epochs = 200 
train_time = 127.238 
sigma_train = 0.334299 
sigma_test = 0.334696 
delta_sigma_train = 0.00134724 
delta_sigma_test = 0.00134624 
E_train = 0.202494 
E_test = 0.202614 
delta_E_train = 0.00134724 
delta_E_test = 0.00134624 
sigma_max_train = 4.87683 
sigma_max_test = 5.12131 
