[Results] 
model_name = 50_100_200_seed1234 
seed = 1234 
psi = -5 
n_pairs = 100000 
n_points = 500000 
batch_size = 1000 
layers = 50_100_200 

n_epochs = 31 
train_time = 884.696506 
sigma_train = 0.060957 
sigma_test = 0.061864 
delta_sigma_train = 0.000113 
delta_sigma_test = 0.000115 
