[Results] 
model_name = 2 
seed = 1234 
n_pairs = 10000 
n_points = 50000 
batch_size = 10000 
function = f1 
psi = 0.0 
phi = 2.8 
k = 2 
n_parameters = 225 
loss function = weighted_MAPE 

n_epochs = 200 
train_time = 179.895 
sigma_train = 0.153979 
sigma_test = 0.155772 
delta_sigma_train = 0.001002 
delta_sigma_test = 0.00100497 
E_train = 0.0739117 
E_test = 0.0747742 
delta_E_train = 0.00246548 
delta_E_test = 0.00246571 
sigma_max_train = 5.39774 
sigma_max_test = 5.50425 
