[Results] 
model_name = 3 
seed = 1234 
n_pairs = 10000 
n_points = 50000 
batch_size = 10000 
function = f1 
psi = 0.0 
phi = 2.8 
k = 3 
n_parameters = 1225 
loss function = weighted_MAPE 

n_epochs = 200 
train_time = 407.385 
sigma_train = 0.177938 
sigma_test = 0.191776 
delta_sigma_train = 0.0013014 
delta_sigma_test = 0.00135342 
E_train = 0.11634 
E_test = 0.128368 
delta_E_train = 0.00265416 
delta_E_test = 0.00287856 
sigma_max_train = 4.36031 
sigma_max_test = 4.37676 
