[Results] 
model_name = 25 
seed = 1234 
n_pairs = 10000 
n_points = 50000 
batch_size = 10000 
function = f1 
psi = 0.0 
phi = 1.6 
k = 1 
n_parameters = 25 
loss function = weighted_MAPE 

n_epochs = 200 
train_time = 133.403 
sigma_train = 0.374699 
sigma_test = 0.377056 
delta_sigma_train = 0.00162173 
delta_sigma_test = 0.00162237 
E_train = 0.271895 
E_test = 0.273746 
delta_E_train = 0.00356742 
delta_E_test = 0.00353164 
sigma_max_train = 4.62564 
sigma_max_test = 4.47381 
