[Results] 
model_name = 50_50_1 
seed = 1234 
n_pairs = 100000 
n_points = 500000 
batch_size = 5000 
function = f0 
psi = 0.8 
k = 4 
n_parameters = 3800 
loss function = weighted_MAPE 

n_epochs = 150 
train_time = 1747.88 
sigma_train = 0.011424 
sigma_test = 0.0115339 
delta_sigma_train = 1.4664e-05 
delta_sigma_test = 1.47648e-05 
E_train = 0.000238025 
E_test = 0.000242035 
delta_E_train = 8.65326e-07 
delta_E_test = 8.90564e-07 
sigma_max_train = 0.236174 
sigma_max_test = 0.22623 
