[Results] 
model_name = 100_500_100_1_seed235 
seed = 235 
psi = -5.5 
n_pairs = 100000 
n_points = 500000 
batch_size = 10000 
layers = 100_500_100_1 
loss function = weighted_MAPE 

n_epochs = 161 
train_time = 1840.86 
sigma_train = 0.0611683 
sigma_test = 0.0613739 
delta_sigma_train = 0.000107832 
delta_sigma_test = 0.000108762 
E_train = 0.00955523 
E_test = 0.00968276 
delta_E_train = 0.000107832 
delta_E_test = 0.000108762 
E_max_train = 0.802971 
E_max_test = 0.805354 
