[Results] 
model_name = 25 
seed = 1234 
n_pairs = 10000 
n_points = 50000 
batch_size = 10000 
function = f1 
psi = 0.0 
phi = 1.0 
k = 1 
n_parameters = 25 
loss function = weighted_MAPE 

n_epochs = 200 
train_time = 135.463 
sigma_train = 0.379353 
sigma_test = 0.381489 
delta_sigma_train = 0.00163187 
delta_sigma_test = 0.00164239 
E_train = 0.277029 
E_test = 0.280422 
delta_E_train = 0.00163187 
delta_E_test = 0.00164239 
sigma_max_train = 4.47212 
sigma_max_test = 4.59441 
