[Results] 
model_name = 100_500_100_seed1234 
seed = 1234 
psi = -5 
n_pairs = 100000 
n_points = 500000 
batch_size = 10000 
layers = 100_500_100 

n_epochs = 61 
train_time = 1699.839210 
sigma_train = 0.016423 
sigma_test = 0.017385 
delta_sigma_train = 0.000045 
delta_sigma_test = 0.000047 
