[Results] 
model_name = 25 
seed = 1234 
n_pairs = 10000 
n_points = 50000 
batch_size = 10000 
function = f2 
psi = -3.0 
alpha = 2.0 
k = 1 
n_parameters = 25 
loss function = weighted_MAPE 

n_epochs = 200 
train_time = 183.923 
sigma_train = 0.370841 
sigma_test = 0.371995 
delta_sigma_train = 0.00135927 
delta_sigma_test = 0.00136769 
E_train = 0.229904 
E_test = 0.231916 
delta_E_train = 0.00203527 
delta_E_test = 0.00207904 
sigma_max_train = 3.50274 
sigma_max_test = 3.51727 
