[Results] 
model_name = 2 
seed = 1234 
n_pairs = 10000 
n_points = 50000 
batch_size = 10000 
function = f0 
psi = -3.2 
k = 2 
n_parameters = 225 
loss function = weighted_MAPE 

n_epochs = 200 
train_time = 181.353 
sigma_train = 0.0835861 
sigma_test = 0.0854411 
delta_sigma_train = 0.000355946 
delta_sigma_test = 0.000359251 
E_train = 0.0133224 
E_test = 0.0137523 
delta_E_train = 0.000123913 
delta_E_test = 0.000123397 
sigma_max_train = 0.545484 
sigma_max_test = 0.529907 
