[Results] 
model_name = 3 
seed = 1234 
n_pairs = 10000 
n_points = 50000 
batch_size = 10000 
function = f0 
psi = -3.2 
k = 3 
n_parameters = 1225 
loss function = weighted_MAPE 

n_epochs = 200 
train_time = 405.204 
sigma_train = 0.0687091 
sigma_test = 0.0729102 
delta_sigma_train = 0.000318688 
delta_sigma_test = 0.00032341 
E_train = 0.00979996 
E_test = 0.0105441 
delta_E_train = 0.000109985 
delta_E_test = 0.000110744 
sigma_max_train = 0.543874 
sigma_max_test = 0.520233 
