[Results] 
model_name = 2 
seed = 1234 
n_pairs = 10000 
n_points = 50000 
batch_size = 10000 
function = f0 
psi = -3.6 
k = 2 
n_parameters = 225 
loss function = weighted_MAPE 

n_epochs = 200 
train_time = 182.814 
sigma_train = 0.0885654 
sigma_test = 0.0907305 
delta_sigma_train = 0.000393515 
delta_sigma_test = 0.000396429 
E_train = 0.0155864 
E_test = 0.0160897 
delta_E_train = 0.000158498 
delta_E_test = 0.000153953 
sigma_max_train = 0.640982 
sigma_max_test = 0.61199 
