[Results] 
model_name = k3 
seed = 1234 
n_pairs = 2000 
n_points = 10000 
batch_size = 10000 
function = f1 
psi = -2.0 
phi = 1.2 
k = 3 
n_parameters = 1225 
loss function = weighted_MSE 

n_epochs = 666 
train_time = 51.4215 
sigma_train = 0.053658 
sigma_test = 0.0650076 
delta_sigma_train = 0.000477416 
delta_sigma_test = 0.000587449 
E_train = 0.00515845 
E_test = 0.00767696 
delta_E_train = 0.00010028 
delta_E_test = 0.000152709 
sigma_max_train = 0.352153 
sigma_max_test = 0.440025 
