[Results] 
model_name = k2 
seed = 1234 
n_pairs = 2000 
n_points = 10000 
batch_size = 10000 
function = f1 
psi = -2.0 
phi = 2.8 
k = 2 
n_parameters = 225 
loss function = weighted_MSE 

n_epochs = 666 
train_time = 23.8092 
sigma_train = 0.109405 
sigma_test = 0.12311 
delta_sigma_train = 0.000852973 
delta_sigma_test = 0.000999709 
E_train = 0.0192451 
E_test = 0.0251502 
delta_E_train = 0.000281934 
delta_E_test = 0.000416867 
sigma_max_train = 0.548077 
sigma_max_test = 0.706551 
