[Results] 
model_name = k3 
seed = 1234 
n_pairs = 2000 
n_points = 10000 
batch_size = 10000 
function = f1 
psi = -2.0 
phi = 2.8 
k = 3 
n_parameters = 1225 
loss function = weighted_MSE 

n_epochs = 666 
train_time = 413.94 
sigma_train = 0.0466179 
sigma_test = 0.0783912 
delta_sigma_train = 0.000396098 
delta_sigma_test = 0.000725113 
E_train = 0.00374216 
E_test = 0.0114031 
delta_E_train = 6.56337e-05 
delta_E_test = 0.000234262 
sigma_max_train = 0.34675 
sigma_max_test = 0.420351 
