[Results] 
model_name = k4 
seed = 1234 
n_pairs = 2000 
n_points = 10000 
batch_size = 10000 
function = f1 
psi = -2.0 
phi = 2.8 
k = 4 
n_parameters = 4900 
loss function = weighted_MSE 

n_epochs = 666 
train_time = 1534.94 
sigma_train = 0.0133533 
sigma_test = 0.0943202 
delta_sigma_train = 0.000142722 
delta_sigma_test = 0.00108185 
E_train = 0.000382007 
E_test = 0.0206003 
delta_E_train = 9.00832e-06 
delta_E_test = 0.000555076 
sigma_max_train = 0.149667 
sigma_max_test = 0.79912 
