[Results] 
model_name = 2 
seed = 1234 
n_pairs = 10000 
n_points = 50000 
batch_size = 10000 
function = f2 
psi = 2.0 
alpha = 1.2 
k = 2 
n_parameters = 225 
loss function = weighted_MAPE 

n_epochs = 200 
train_time = 169.887 
sigma_train = 0.165414 
sigma_test = 0.165973 
delta_sigma_train = 0.000597955 
delta_sigma_test = 0.000604123 
E_train = 0.0452424 
E_test = 0.0457926 
delta_E_train = 0.000313909 
delta_E_test = 0.000326809 
sigma_max_train = 0.988704 
sigma_max_test = 0.945123 
