[Results] 
model_name = 3 
seed = 1234 
n_pairs = 10000 
n_points = 50000 
batch_size = 10000 
function = f2 
psi = 2.0 
alpha = 1.2 
k = 3 
n_parameters = 1225 
loss function = weighted_MAPE 

n_epochs = 200 
train_time = 404.36 
sigma_train = 0.0753682 
sigma_test = 0.0788383 
delta_sigma_train = 0.000316445 
delta_sigma_test = 0.000324329 
E_train = 0.0106832 
E_test = 0.0114756 
delta_E_train = 0.000102366 
delta_E_test = 0.000111548 
sigma_max_train = 0.594992 
sigma_max_test = 0.673964 
