[Results] 
model_name = 2 
seed = 1234 
n_pairs = 10000 
n_points = 50000 
batch_size = 10000 
function = f1 
psi = 0.0 
phi = 2.4 
k = 2 
n_parameters = 225 
loss function = weighted_MAPE 

n_epochs = 200 
train_time = 180.136 
sigma_train = 0.227105 
sigma_test = 0.237049 
delta_sigma_train = 0.00173832 
delta_sigma_test = 0.0017656 
E_train = 0.202698 
E_test = 0.211956 
delta_E_train = 0.00642098 
delta_E_test = 0.00663646 
sigma_max_train = 9.3125 
sigma_max_test = 9.29859 
