[Results] 
model_name = 100_200_500_seed235 
seed = 235 
psi = -1 
n_pairs = 100000 
n_points = 500000 
batch_size = 10000 
layers = 100_200_500 

n_epochs = 71 
train_time = 843.676119 
sigma_train = 0.007363 
sigma_test = 0.007523 
delta_sigma_train = 0.000008 
delta_sigma_test = 0.000008 
