[Results] 
model_name = 100_200_500_seed235 
seed = 235 
psi = -4.5 
n_pairs = 100000 
n_points = 500000 
batch_size = 10000 
layers = 100_200_500 

n_epochs = 81 
train_time = 968.670829 
sigma_train = 0.020120 
sigma_test = 0.021149 
delta_sigma_train = 0.000042 
delta_sigma_test = 0.000045 
