[Results] 
model_name = k2 
seed = 1234 
n_pairs = 2000 
n_points = 10000 
batch_size = 10000 
function = f1 
psi = -2.0 
phi = 2.0 
k = 2 
n_parameters = 225 
loss function = weighted_MSE 

n_epochs = 666 
train_time = 15.4697 
sigma_train = 0.0900584 
sigma_test = 0.10162 
delta_sigma_train = 0.000805555 
delta_sigma_test = 0.00109862 
E_train = 0.0145997 
E_test = 0.0223965 
delta_E_train = 0.000311745 
delta_E_test = 0.000699527 
sigma_max_train = 0.651698 
sigma_max_test = 0.821139 
