[Results] 
model_name = k2 
seed = 1234 
n_pairs = 2000 
n_points = 10000 
batch_size = 10000 
function = f2 
psi = 3.0 
alpha = 1.2 
k = 2 
n_parameters = 225 
loss function = weighted_MSE 

n_epochs = 666 
train_time = 9.86548 
sigma_train = 0.163603 
sigma_test = 0.172639 
delta_sigma_train = 0.00129548 
delta_sigma_test = 0.00140273 
E_train = 0.0435487 
E_test = 0.0494806 
delta_E_train = 0.000669826 
delta_E_test = 0.000783397 
sigma_max_train = 0.840196 
sigma_max_test = 0.885448 
