[Results] 
model_name = k4 
seed = 1234 
n_pairs = 2000 
n_points = 10000 
batch_size = 10000 
function = f2 
psi = 3.0 
alpha = 1.2 
k = 4 
n_parameters = 4900 
loss function = weighted_MSE 

n_epochs = 666 
train_time = 684.609 
sigma_train = 0.017401 
sigma_test = 0.0514596 
delta_sigma_train = 0.000149205 
delta_sigma_test = 0.00050074 
E_train = 0.000525419 
E_test = 0.0051555 
delta_E_train = 9.99091e-06 
delta_E_test = 0.00014224 
sigma_max_train = 0.159083 
sigma_max_test = 0.493587 
