[Results] 
model_name = 100_500_100_1_seed1234 
seed = 1234 
psi = -5.5 
n_pairs = 100000 
n_points = 500000 
batch_size = 1000 
layers = 100_500_100_1 
loss function = weighted_MAPE 

n_epochs = 181 
train_time = 6319.05 
sigma_train = 0.0093715 
sigma_test = 0.0101858 
delta_sigma_train = 2.51212e-05 
delta_sigma_test = 2.86437e-05 
E_train = 0.000403232 
E_test = 0.000514237 
delta_E_train = 2.51212e-05 
delta_E_test = 2.86437e-05 
E_max_train = 0.495283 
E_max_test = 0.520095 
