[Results] 
model_name = 100_500_100_1_seed472 
seed = 472 
psi = -1.0 
n_pairs = 100000 
n_points = 500000 
batch_size = 10000 
layers = 100_500_100_1 
loss function = weighted_MAPE 

n_epochs = 341 
train_time = 9889 
sigma_train = 0.00358069 
sigma_test = 0.00362186 
delta_sigma_train = 3.9477e-06 
delta_sigma_test = 4.00614e-06 
E_train = 2.06143e-05 
E_test = 2.11429e-05 
delta_E_train = 3.9477e-06 
delta_E_test = 4.00614e-06 
E_max_train = 0.0307955 
E_max_test = 0.0300492 
