[Results] 
model_name = 100_500_100_1_seed1234 
seed = 1234 
psi = -5.0 
n_pairs = 100000 
n_points = 500000 
batch_size = 1000 
layers = 100_500_100_1 
loss function = weighted_MAPE 

n_epochs = 151 
train_time = 5257.4 
sigma_train = 0.0114855 
sigma_test = 0.0121416 
delta_sigma_train = 3.56729e-05 
delta_sigma_test = 3.76772e-05 
E_train = 0.000768369 
E_test = 0.00085706 
delta_E_train = 3.56729e-05 
delta_E_test = 3.76772e-05 
E_max_train = 0.846592 
E_max_test = 0.770269 
