[Results] 
model_name = 25 
seed = 1234 
n_pairs = 10000 
n_points = 50000 
batch_size = 10000 
function = f2 
psi = -3.0 
alpha = 2.8 
k = 1 
n_parameters = 25 
loss function = weighted_MAPE 

n_epochs = 200 
train_time = 191.138 
sigma_train = 0.361787 
sigma_test = 0.365964 
delta_sigma_train = 0.00130353 
delta_sigma_test = 0.00132916 
E_train = 0.215818 
E_test = 0.222272 
delta_E_train = 0.00180411 
delta_E_test = 0.00188258 
sigma_max_train = 3.47798 
sigma_max_test = 3.29427 
