[Results] 
model_name = 25 
seed = 1234 
n_pairs = 10000 
n_points = 50000 
batch_size = 10000 
function = f2 
psi = 3.0 
alpha = 3.0 
k = 1 
n_parameters = 25 
loss function = weighted_MAPE 

n_epochs = 200 
train_time = 184.063 
sigma_train = 0.377639 
sigma_test = 0.380969 
delta_sigma_train = 0.00135174 
delta_sigma_test = 0.00137198 
E_train = 0.233982 
E_test = 0.239253 
delta_E_train = 0.00191802 
delta_E_test = 0.00199797 
sigma_max_train = 3.24408 
sigma_max_test = 3.47196 
