[Results] 
model_name = 25 
seed = 1234 
n_pairs = 10000 
n_points = 50000 
batch_size = 10000 
function = f1 
psi = 1.0 
phi = 1.6 
k = 1 
n_parameters = 25 
loss function = weighted_MAPE 

n_epochs = 200 
train_time = 127.406 
sigma_train = 0.372398 
sigma_test = 0.374705 
delta_sigma_train = 0.00160496 
delta_sigma_test = 0.00160826 
E_train = 0.2675 
E_test = 0.269688 
delta_E_train = 0.00346027 
delta_E_test = 0.00343588 
sigma_max_train = 4.53585 
sigma_max_test = 4.49198 
