[Results] 
model_name = 50_100_200_seed235 
seed = 235 
psi = -10 
n_pairs = 100000 
n_points = 500000 
batch_size = 1000 
layers = 50_100_200 

n_epochs = 21 
train_time = 604.889894 
sigma_train = 0.038114 
sigma_test = 0.038247 
delta_sigma_train = 0.000051 
delta_sigma_test = 0.000051 
