[Results] 
model_name = 2 
seed = 1234 
n_pairs = 10000 
n_points = 50000 
batch_size = 10000 
function = f2 
psi = -3.0 
alpha = 2.8 
k = 2 
n_parameters = 225 
loss function = weighted_MAPE 

n_epochs = 200 
train_time = 177.559 
sigma_train = 0.184003 
sigma_test = 0.187406 
delta_sigma_train = 0.000659323 
delta_sigma_test = 0.000671442 
E_train = 0.0555886 
E_test = 0.0576682 
delta_E_train = 0.000380936 
delta_E_test = 0.000403874 
sigma_max_train = 1.18784 
sigma_max_test = 1.27076 
