[Results] 
model_name = 3 
seed = 1234 
n_pairs = 10000 
n_points = 50000 
batch_size = 10000 
function = f2 
psi = -3.0 
alpha = 2.8 
k = 3 
n_parameters = 1225 
loss function = weighted_MAPE 

n_epochs = 200 
train_time = 411.921 
sigma_train = 0.0885486 
sigma_test = 0.0949795 
delta_sigma_train = 0.000365086 
delta_sigma_test = 0.000393626 
E_train = 0.0144997 
E_test = 0.0167701 
delta_E_train = 0.00013078 
delta_E_test = 0.000166214 
sigma_max_train = 0.743233 
sigma_max_test = 0.776086 
