psi= 0.5
k= 6
n_points= 10000
seed= 234
rate= 1.0 n_epochs= 10000
train= 0.0039748345
test= 0.011954563
delta_sigma_train= 3.2756018215452465e-05
delta_sigma_test= 4.951871142111599e-05
