psi= 0.5
k= 8
n_points= 10000
seed= 123
rate= 1.0 n_epochs= 10000
train= 0.18834339
test= 0.21497338
delta_sigma_train= 0.0005877933992104476
delta_sigma_test= 0.0006222785768759442
