psi= 0.5
k= 4
n_points= 10000
seed= 234
rate= 1.0 n_epochs= 10000
train= 0.0057170745
test= 0.0066308756
delta_sigma_train= 3.413920048201258e-05
delta_sigma_test= 3.4120389044547796e-05
