psi= 0.5
k= 2
n_points= 10000
seed= 234
rate= 1.0 n_epochs= 10000
train= 0.05433825
test= 0.054695677
delta_sigma_train= 0.00018668307468337116
delta_sigma_test= 0.0001868730945095304
