[Results] 
model_name = 50_50_1 
seed = 1234 
n_pairs = 100000 
n_points = 500000 
batch_size = 5000 
function = f0 
psi = 5.0 
k = 4 
n_parameters = 3800 
loss function = weighted_MAPE 

n_epochs = 150 
train_time = 1666.01 
sigma_train = 0.041787 
sigma_test = 0.0421757 
delta_sigma_train = 5.40566e-05 
delta_sigma_test = 5.41022e-05 
E_train = 0.00320712 
E_test = 0.00324219 
delta_E_train = 9.65625e-06 
delta_E_test = 9.68841e-06 
sigma_max_train = 0.552269 
sigma_max_test = 0.527604 
