[Results] 
model_name = 100_500_100_seed1234 
seed = 1234 
psi = 0.01 
n_pairs = 100000 
n_points = 500000 
batch_size = 10000 
layers = 100_500_100 

n_epochs = 31 
train_time = 886.131876 
sigma_train = 0.004104 
sigma_test = 0.004115 
delta_sigma_train = 0.000004 
delta_sigma_test = 0.000004 
