[Results] 
model_name = 100_500_100_1_seed320 
seed = 320 
psi = -10.0 
n_pairs = 100000 
n_points = 500000 
batch_size = 10000 
layers = 100_500_100_1 
loss function = weighted_MAPE 

n_epochs = 671 
train_time = 12185.6 
sigma_train = 0.00985329 
sigma_test = 0.0101195 
delta_sigma_train = 1.2358e-05 
delta_sigma_test = 1.27878e-05 
E_train = 0.000173445 
E_test = 0.000184172 
delta_E_train = 1.2358e-05 
delta_E_test = 1.27878e-05 
E_max_train = 0.113323 
E_max_test = 0.102525 
