[Results] 
model_name = 25 
seed = 1234 
n_pairs = 10000 
n_points = 50000 
batch_size = 10000 
function = f2 
psi = 2.0 
alpha = 2.0 
k = 1 
n_parameters = 25 
loss function = weighted_MAPE 

n_epochs = 200 
train_time = 182.107 
sigma_train = 0.402241 
sigma_test = 0.402119 
delta_sigma_train = 0.00147035 
delta_sigma_test = 0.0014829 
E_train = 0.269854 
E_test = 0.271617 
delta_E_train = 0.00238228 
delta_E_test = 0.00246406 
sigma_max_train = 3.51358 
sigma_max_test = 3.96096 
