[Results] 
model_name = 50_50_1 
seed = 1234 
n_pairs = 1000 
n_points = 5000 
batch_size = 5000 
function = f0 
psi = 1.0 
k = 4 
n_parameters = 3800 
loss function = weighted_MAPE 

n_epochs = 2 
train_time = 7.53061 
sigma_train = 0.0142904 
sigma_test = 0.015168 
delta_sigma_train = 0.000200238 
delta_sigma_test = 0.000203079 
E_train = 0.000404691 
E_test = 0.000436274 
delta_E_train = 0.000200238 
delta_E_test = 0.000203079 
sigma_max_train = 0.194147 
sigma_max_test = 0.222234 
