[Results] 
model_name = 70_70_70_1 
seed = 1234 
n_pairs = 1000 
n_points = 5000 
batch_size = 5000 
function = f0 
psi = 1.0 
k = 8 
n_parameters = 11620 
loss function = weighted_MAPE 

n_epochs = 2 
train_time = 9.67081 
sigma_train = 0.00837719 
sigma_test = 0.00898843 
delta_sigma_train = 9.53761e-05 
delta_sigma_test = 0.000101546 
E_train = 0.00011566 
E_test = 0.00013235 
delta_E_train = 9.53761e-05 
delta_E_test = 0.000101546 
sigma_max_train = 0.0846825 
sigma_max_test = 0.0840057 
