[Results] 
model_name = 100_500_100_seed235 
seed = 235 
psi = -5 
n_pairs = 100000 
n_points = 500000 
batch_size = 10000 
layers = 100_500_100 

n_epochs = 141 
train_time = 4001.253486 
sigma_train = 0.013188 
sigma_test = 0.014390 
delta_sigma_train = 0.000040 
delta_sigma_test = 0.000049 
