[Results] 
model_name = k2 
seed = 1234 
n_pairs = 2000 
n_points = 10000 
batch_size = 10000 
function = f2 
psi = 3.0 
alpha = 2.4 
k = 2 
n_parameters = 225 
loss function = weighted_MSE 

n_epochs = 666 
train_time = 10.3195 
sigma_train = 0.18724 
sigma_test = 0.197843 
delta_sigma_train = 0.00145276 
delta_sigma_test = 0.00157359 
E_train = 0.0561639 
E_test = 0.0639039 
delta_E_train = 0.000824584 
delta_E_test = 0.000982087 
sigma_max_train = 1.0057 
sigma_max_test = 1.03543 
