[Results] 
model_name = k3 
seed = 1234 
n_pairs = 2000 
n_points = 10000 
batch_size = 10000 
function = f2 
psi = 3.0 
alpha = 2.4 
k = 3 
n_parameters = 1225 
loss function = weighted_MSE 

n_epochs = 666 
train_time = 54.0934 
sigma_train = 0.0803901 
sigma_test = 0.105068 
delta_sigma_train = 0.000649877 
delta_sigma_test = 0.000942235 
E_train = 0.010686 
E_test = 0.0199175 
delta_E_train = 0.000170904 
delta_E_test = 0.000389854 
sigma_max_train = 0.40919 
sigma_max_test = 0.636347 
