[Results] 
model_name = 50_50_1 
seed = 1234 
n_pairs = 100000 
n_points = 500000 
batch_size = 5000 
function = f0 
psi = 0.4 
k = 4 
n_parameters = 3800 
loss function = weighted_MAPE 

n_epochs = 150 
train_time = 1967.77 
sigma_train = 0.00775537 
sigma_test = 0.00783473 
delta_sigma_train = 1.11033e-05 
delta_sigma_test = 1.11991e-05 
E_train = 0.000121793 
E_test = 0.000124094 
delta_E_train = 7.69675e-07 
delta_E_test = 7.99015e-07 
sigma_max_train = 0.256452 
sigma_max_test = 0.239194 
