[Results] 
model_name = 100_500_100_1_seed1234 
seed = 1234 
psi = -0.01 
n_pairs = 100000 
n_points = 500000 
batch_size = 10000 
layers = 100_500_100_1 
loss function = weighted_MSE 

n_epochs = 41 
train_time = 788.236 
sigma_train = 0.493265 
sigma_test = 0.493528 
delta_sigma_train = 0.000668581 
delta_sigma_test = 0.000670537 
E_train = 0.466779 
E_test = 0.468391 
delta_E_train = 0.000668581 
delta_E_test = 0.000670537 
E_max_train = 9.40429 
E_max_test = 9.86109 
