[Results] 
model_name = 2 
seed = 1234 
n_pairs = 10000 
n_points = 50000 
batch_size = 10000 
function = f0 
psi = 1.2 
k = 2 
n_parameters = 225 
loss function = weighted_MAPE 

n_epochs = 200 
train_time = 181.526 
sigma_train = 0.0596205 
sigma_test = 0.0600626 
delta_sigma_train = 0.000203549 
delta_sigma_test = 0.00020245 
E_train = 0.00562677 
E_test = 0.0056568 
delta_E_train = 3.75826e-05 
delta_E_test = 3.75809e-05 
sigma_max_train = 0.44524 
sigma_max_test = 0.47841 
