[Results] 
model_name = 3 
seed = 1234 
n_pairs = 10000 
n_points = 50000 
batch_size = 10000 
function = f0 
psi = 1.2 
k = 3 
n_parameters = 1225 
loss function = weighted_MAPE 

n_epochs = 200 
train_time = 400.401 
sigma_train = 0.0359906 
sigma_test = 0.0375806 
delta_sigma_train = 0.000154467 
delta_sigma_test = 0.000155546 
E_train = 0.00248843 
E_test = 0.00262192 
delta_E_train = 2.5642e-05 
delta_E_test = 2.62697e-05 
sigma_max_train = 0.369983 
sigma_max_test = 0.377482 
