[Results] 
model_name = k2 
seed = 1234 
n_pairs = 2000 
n_points = 10000 
batch_size = 10000 
function = f1 
psi = -1.0 
phi = 0.4 
k = 2 
n_parameters = 225 
loss function = weighted_MSE 

n_epochs = 666 
train_time = 8.60021 
sigma_train = 0.0626495 
sigma_test = 0.063719 
delta_sigma_train = 0.000477267 
delta_sigma_test = 0.000482136 
E_train = 0.0062028 
E_test = 0.00638467 
delta_E_train = 9.08903e-05 
delta_E_test = 9.2286e-05 
sigma_max_train = 0.430133 
sigma_max_test = 0.43678 
