[Results] 
model_name = k3 
seed = 1234 
n_pairs = 2000 
n_points = 10000 
batch_size = 10000 
function = f1 
psi = -1.0 
phi = 0.4 
k = 3 
n_parameters = 1225 
loss function = weighted_MSE 

n_epochs = 666 
train_time = 27.6342 
sigma_train = 0.0336396 
sigma_test = 0.039221 
delta_sigma_train = 0.000303373 
delta_sigma_test = 0.000346261 
E_train = 0.00205197 
E_test = 0.00273726 
delta_E_train = 4.57393e-05 
delta_E_test = 5.44598e-05 
sigma_max_train = 0.339483 
sigma_max_test = 0.342186 
