[Results] 
model_name = k2 
seed = 1234 
n_pairs = 2000 
n_points = 10000 
batch_size = 10000 
function = f1 
psi = -1.0 
phi = 1.2 
k = 2 
n_parameters = 225 
loss function = weighted_MSE 

n_epochs = 666 
train_time = 11.4299 
sigma_train = 0.0681506 
sigma_test = 0.0703271 
delta_sigma_train = 0.000518406 
delta_sigma_test = 0.000532335 
E_train = 0.00733195 
E_test = 0.0077797 
delta_E_train = 0.000106498 
delta_E_test = 0.00011132 
sigma_max_train = 0.433282 
sigma_max_test = 0.469645 
