[Results] 
model_name = k3 
seed = 1234 
n_pairs = 2000 
n_points = 10000 
batch_size = 10000 
function = f1 
psi = -1.0 
phi = 1.2 
k = 3 
n_parameters = 1225 
loss function = weighted_MSE 

n_epochs = 666 
train_time = 51.187 
sigma_train = 0.035451 
sigma_test = 0.0428316 
delta_sigma_train = 0.000314844 
delta_sigma_test = 0.000372807 
E_train = 0.00224804 
E_test = 0.0032244 
delta_E_train = 4.83546e-05 
delta_E_test = 6.08659e-05 
sigma_max_train = 0.335903 
sigma_max_test = 0.377067 
