[Results] 
model_name = 100_500_100_1_seed235 
seed = 235 
psi = -8.0 
n_pairs = 100000 
n_points = 500000 
batch_size = 10000 
layers = 100_500_100_1 
loss function = weighted_MAPE 

n_epochs = 71 
train_time = 824.698 
sigma_train = 0.0455251 
sigma_test = 0.0457265 
delta_sigma_train = 6.63887e-05 
delta_sigma_test = 6.64678e-05 
E_train = 0.00427655 
E_test = 0.00430025 
delta_E_train = 6.63887e-05 
delta_E_test = 6.64678e-05 
E_max_train = 0.392345 
E_max_test = 0.400245 
