[Results] 
model_name = 100_500_100_1_seed235 
seed = 235 
psi = -3.0 
n_pairs = 100000 
n_points = 500000 
batch_size = 10000 
layers = 100_500_100_1 
loss function = weighted_MAPE 

n_epochs = 461 
train_time = 8595.39 
sigma_train = 0.00700464 
sigma_test = 0.00723401 
delta_sigma_train = 9.15175e-06 
delta_sigma_test = 9.67647e-06 
E_train = 9.09446e-05 
E_test = 9.91536e-05 
delta_E_train = 9.15175e-06 
delta_E_test = 9.67647e-06 
E_max_train = 0.00774545 
E_max_test = 0.00753122 
