[Results] 
model_name = 50_50_1 
seed = 1234 
n_pairs = 100000 
n_points = 500000 
batch_size = 5000 
function = f0 
psi = -0.8 
k = 4 
n_parameters = 3800 
loss function = weighted_MAPE 

n_epochs = 150 
train_time = 1961.04 
sigma_train = 0.0114639 
sigma_test = 0.0115579 
delta_sigma_train = 1.45838e-05 
delta_sigma_test = 1.46902e-05 
E_train = 0.000237738 
E_test = 0.000241486 
delta_E_train = 8.61998e-07 
delta_E_test = 8.88121e-07 
sigma_max_train = 0.25206 
sigma_max_test = 0.249397 
