[Results] 
model_name = 100_500_100_1_seed1729 
seed = 1729 
psi = -0.5 
phi = 2.5 
n_pairs = 100000 
n_points = 500000 
batch_size = 10000 
layers = 100_500_100_1 
loss function = weighted_MAPE 

n_epochs = 81 
train_time = 1534.24 
sigma_train = 1.21553 
sigma_test = 1.14948 
delta_sigma_train = 0.00243625 
delta_sigma_test = 0.0021847 
E_train = 4.46032 
E_test = 3.71042 
delta_E_train = 0.00243625 
delta_E_test = 0.0021847 
E_max_train = 85.4148 
E_max_test = 71.8965 
