[Results] 
model_name = 100_500_100_1_seed1234 
seed = 1234 
psi = -4.0 
n_pairs = 100000 
n_points = 500000 
batch_size = 10000 
layers = 100_500_100_1 
loss function = weighted_MAPE 

n_epochs = 21 
train_time = 417.215 
sigma_train = 1.99793 
sigma_test = 1.99811 
delta_sigma_train = 0.139948 
delta_sigma_test = 0.130798 
E_train = 9440.59 
E_test = 9366.21 
delta_E_train = 0.139948 
delta_E_test = 0.130798 
E_max_train = 38792.8 
E_max_test = 27620 
