[Results] 
model_name = 100_500_100_1_seed1234 
seed = 1234 
psi = -4.0 
n_pairs = 100000 
n_points = 500000 
batch_size = 10000 
layers = 100_500_100_1 
loss function = weighted_MAPE 

n_epochs = 21 
train_time = 417.215 
sigma_train = 2.00068 
sigma_test = 1.99758 
delta_sigma_train = 0.139411 
delta_sigma_test = 0.126804 
E_train = 9251 
E_test = 8595.55 
delta_E_train = 0.139411 
delta_E_test = 0.126804 
E_max_train = 681.518 
E_max_test = 738.29 
