[Results] 
model_name = 25 
seed = 1234 
n_pairs = 10000 
n_points = 50000 
batch_size = 10000 
function = f1 
psi = -2.0 
phi = -2.0 
k = 1 
n_parameters = 25 
loss function = weighted_MAPE 

n_epochs = 50 
train_time = 37.4577 
sigma_train = 0.333954 
sigma_test = 0.334535 
delta_sigma_train = 0.00143405 
delta_sigma_test = 0.00144265 
E_train = 0.214346 
E_test = 0.21593 
delta_E_train = 0.00143405 
delta_E_test = 0.00144265 
sigma_max_train = 5.19364 
sigma_max_test = 4.80843 
