[Results] 
model_name = k2 
seed = 1234 
n_pairs = 2000 
n_points = 10000 
batch_size = 10000 
function = f2 
psi = -2.0 
alpha = 3.0 
k = 2 
n_parameters = 225 
loss function = weighted_MSE 

n_epochs = 666 
train_time = 9.82819 
sigma_train = 0.18463 
sigma_test = 0.190001 
delta_sigma_train = 0.00142728 
delta_sigma_test = 0.00148725 
E_train = 0.0544593 
E_test = 0.0582194 
delta_E_train = 0.000785882 
delta_E_test = 0.000869295 
sigma_max_train = 0.909542 
sigma_max_test = 1.05941 
