[Results] 
model_name = 25 
seed = 1234 
n_pairs = 10000 
n_points = 50000 
batch_size = 10000 
function = f1 
psi = 0.0 
phi = 2.4 
k = 1 
n_parameters = 25 
loss function = weighted_MAPE 

n_epochs = 200 
train_time = 147.511 
sigma_train = 0.3885 
sigma_test = 0.41005 
delta_sigma_train = 0.00173475 
delta_sigma_test = 0.0017643 
E_train = 0.301378 
E_test = 0.322821 
delta_E_train = 0.0043915 
delta_E_test = 0.00419165 
sigma_max_train = 4.62414 
sigma_max_test = 4.73218 
