[Results] 
model_name = 3 
seed = 1234 
n_pairs = 10000 
n_points = 50000 
batch_size = 10000 
function = f1 
psi = 1.0 
phi = 0.4 
k = 3 
n_parameters = 1225 
loss function = weighted_MAPE 

n_epochs = 200 
train_time = 407.757 
sigma_train = 0.0341634 
sigma_test = 0.0359386 
delta_sigma_train = 0.000148725 
delta_sigma_test = 0.000150276 
E_train = 0.00227302 
E_test = 0.00242076 
delta_E_train = 2.52318e-05 
delta_E_test = 2.58553e-05 
sigma_max_train = 0.368515 
sigma_max_test = 0.397051 
