[Results] 
model_name = 25 
seed = 1234 
n_pairs = 10000 
n_points = 50000 
batch_size = 10000 
function = f0 
psi = -4.0 
k = 1 
n_parameters = 25 
loss function = weighted_MAPE 

n_epochs = 200 
train_time = 125.933 
sigma_train = 0.34291 
sigma_test = 0.346623 
delta_sigma_train = 0.00145789 
delta_sigma_test = 0.00147593 
E_train = 0.223902 
E_test = 0.229047 
delta_E_train = 0.00145789 
delta_E_test = 0.00147593 
sigma_max_train = 3.87019 
sigma_max_test = 3.9769 
