[Results] 
model_name = 25 
seed = 1234 
n_pairs = 10000 
n_points = 50000 
batch_size = 10000 
function = f1 
psi = -3.0 
phi = 1.6 
k = 1 
n_parameters = 25 
loss function = weighted_MAPE 

n_epochs = 200 
train_time = 146.717 
sigma_train = 0.351446 
sigma_test = 0.349839 
delta_sigma_train = 0.00148485 
delta_sigma_test = 0.0014761 
E_train = 0.233731 
E_test = 0.231299 
delta_E_train = 0.00148485 
delta_E_test = 0.0014761 
sigma_max_train = 4.09319 
sigma_max_test = 4.74667 
