[Results] 
model_name = 50_100_200_seed1234 
seed = 1234 
psi = -2 
n_pairs = 100000 
n_points = 500000 
batch_size = 1000 
layers = 50_100_200 

n_epochs = 41 
train_time = 1174.634131 
sigma_train = 0.027221 
sigma_test = 0.027504 
delta_sigma_train = 0.000038 
delta_sigma_test = 0.000038 
