[Results] 
model_name = 3 
seed = 1234 
n_pairs = 10000 
n_points = 50000 
batch_size = 10000 
function = f2 
psi = 1.0 
alpha = 1.2 
k = 3 
n_parameters = 1225 
loss function = weighted_MAPE 

n_epochs = 200 
train_time = 407.232 
sigma_train = 0.0759707 
sigma_test = 0.0776365 
delta_sigma_train = 0.000341098 
delta_sigma_test = 0.000321753 
E_train = 0.0115864 
E_test = 0.0112064 
delta_E_train = 0.000149503 
delta_E_test = 0.000115149 
sigma_max_train = 0.788858 
sigma_max_test = 0.721488 
