[Results] 
model_name = k2 
seed = 1234 
n_pairs = 2000 
n_points = 10000 
batch_size = 10000 
function = f1 
psi = -1.0 
phi = 1.6 
k = 2 
n_parameters = 225 
loss function = weighted_MSE 

n_epochs = 666 
train_time = 13.4215 
sigma_train = 0.0665133 
sigma_test = 0.06871 
delta_sigma_train = 0.000504917 
delta_sigma_test = 0.000520429 
E_train = 0.00697343 
E_test = 0.00742952 
delta_E_train = 0.000101525 
delta_E_test = 0.000107567 
sigma_max_train = 0.448778 
sigma_max_test = 0.479202 
