[Results] 
model_name = k3 
seed = 1234 
n_pairs = 2000 
n_points = 10000 
batch_size = 10000 
function = f1 
psi = -1.0 
phi = 1.6 
k = 3 
n_parameters = 1225 
loss function = weighted_MSE 

n_epochs = 666 
train_time = 94.187 
sigma_train = 0.0359887 
sigma_test = 0.0457337 
delta_sigma_train = 0.000318744 
delta_sigma_test = 0.000397634 
E_train = 0.00231116 
E_test = 0.0036727 
delta_E_train = 4.82126e-05 
delta_E_test = 6.80018e-05 
sigma_max_train = 0.3375 
sigma_max_test = 0.380298 
