[Results] 
model_name = 2 
seed = 1234 
n_pairs = 10000 
n_points = 50000 
batch_size = 10000 
function = f2 
psi = 0.0 
alpha = 3.0 
k = 2 
n_parameters = 225 
loss function = weighted_MAPE 

n_epochs = 200 
train_time = 174.443 
sigma_train = 0.18718 
sigma_test = 0.190392 
delta_sigma_train = 0.000674975 
delta_sigma_test = 0.000682265 
E_train = 0.0578252 
E_test = 0.0595408 
delta_E_train = 0.000401354 
delta_E_test = 0.000417262 
sigma_max_train = 1.19077 
sigma_max_test = 1.33857 
