[Results] 
model_name = 3 
seed = 1234 
n_pairs = 10000 
n_points = 50000 
batch_size = 10000 
function = f2 
psi = 0.0 
alpha = 3.0 
k = 3 
n_parameters = 1225 
loss function = weighted_MAPE 

n_epochs = 200 
train_time = 407.586 
sigma_train = 0.0914711 
sigma_test = 0.0968722 
delta_sigma_train = 0.000384453 
delta_sigma_test = 0.000405388 
E_train = 0.0157586 
E_test = 0.0176024 
delta_E_train = 0.000148389 
delta_E_test = 0.000175285 
sigma_max_train = 0.86177 
sigma_max_test = 0.814305 
