[Results] 
model_name = k3 
seed = 1234 
n_pairs = 2000 
n_points = 10000 
batch_size = 10000 
function = f2 
psi = -1.0 
alpha = 0.4 
k = 3 
n_parameters = 1225 
loss function = weighted_MSE 

n_epochs = 666 
train_time = 28.0199 
sigma_train = 0.0424011 
sigma_test = 0.0510675 
delta_sigma_train = 0.000365532 
delta_sigma_test = 0.00044143 
E_train = 0.00313399 
E_test = 0.0045565 
delta_E_train = 6.34178e-05 
delta_E_test = 8.29474e-05 
sigma_max_train = 0.34962 
sigma_max_test = 0.338115 
