[Results] 
model_name = 2 
seed = 1234 
n_pairs = 10000 
n_points = 50000 
batch_size = 10000 
function = f1 
psi = 1.0 
phi = 2.8 
k = 2 
n_parameters = 225 
loss function = weighted_MAPE 

n_epochs = 200 
train_time = 178.051 
sigma_train = 0.170103 
sigma_test = 0.173213 
delta_sigma_train = 0.00101189 
delta_sigma_test = 0.00101284 
E_train = 0.0801683 
E_test = 0.0813062 
delta_E_train = 0.00234471 
delta_E_test = 0.0023335 
sigma_max_train = 5.1836 
sigma_max_test = 5.36251 
