[Results] 
model_name = 3 
seed = 1234 
n_pairs = 10000 
n_points = 50000 
batch_size = 10000 
function = f1 
psi = 1.0 
phi = 2.8 
k = 3 
n_parameters = 1225 
loss function = weighted_MAPE 

n_epochs = 200 
train_time = 402.295 
sigma_train = 0.176224 
sigma_test = 0.189802 
delta_sigma_train = 0.00123995 
delta_sigma_test = 0.00128663 
E_train = 0.107947 
E_test = 0.11882 
delta_E_train = 0.00235554 
delta_E_test = 0.00254997 
sigma_max_train = 4.26707 
sigma_max_test = 4.34513 
