[Results] 
model_name = k2 
seed = 1234 
n_pairs = 2000 
n_points = 10000 
batch_size = 10000 
function = f1 
psi = 0.0 
phi = 2.0 
k = 2 
n_parameters = 225 
loss function = weighted_MSE 

n_epochs = 666 
train_time = 18.5825 
sigma_train = 0.0514699 
sigma_test = 0.0552252 
delta_sigma_train = 0.000397865 
delta_sigma_test = 0.00042186 
E_train = 0.00423211 
E_test = 0.00482948 
delta_E_train = 6.7608e-05 
delta_E_test = 7.55756e-05 
sigma_max_train = 0.431502 
sigma_max_test = 0.456123 
