[Results] 
model_name = k3 
seed = 1234 
n_pairs = 2000 
n_points = 10000 
batch_size = 10000 
function = f1 
psi = 0.0 
phi = 2.0 
k = 3 
n_parameters = 1225 
loss function = weighted_MSE 

n_epochs = 666 
train_time = 250.073 
sigma_train = 0.0236313 
sigma_test = 0.0330872 
delta_sigma_train = 0.000230208 
delta_sigma_test = 0.000291339 
E_train = 0.0010884 
E_test = 0.00194354 
delta_E_train = 3.39836e-05 
delta_E_test = 4.39388e-05 
sigma_max_train = 0.338256 
sigma_max_test = 0.360854 
