[Results] 
model_name = k4 
seed = 1234 
n_pairs = 2000 
n_points = 10000 
batch_size = 10000 
function = f2 
psi = 2.0 
alpha = 2.4 
k = 4 
n_parameters = 4900 
loss function = weighted_MSE 

n_epochs = 666 
train_time = 1328.31 
sigma_train = 0.0182814 
sigma_test = 0.0571711 
delta_sigma_train = 0.000155836 
delta_sigma_test = 0.000579523 
E_train = 0.00057706 
E_test = 0.006627 
delta_E_train = 1.08546e-05 
delta_E_test = 0.000178218 
sigma_max_train = 0.14566 
sigma_max_test = 0.506039 
