[Results] 
model_name = 100_500_100_1_seed235 
seed = 235 
psi = -0.01 
n_pairs = 100000 
n_points = 500000 
batch_size = 10000 
layers = 100_500_100_1 
loss function = weighted_MAPE 

n_epochs = 331 
train_time = 6315.37 
sigma_train = 0.00207116 
sigma_test = 0.00208268 
delta_sigma_train = 2.38004e-06 
delta_sigma_test = 2.3927e-06 
E_train = 7.12205e-06 
E_test = 7.20007e-06 
delta_E_train = 2.38004e-06 
delta_E_test = 2.3927e-06 
E_max_train = 0.00192965 
E_max_test = 0.00203691 
