[Results] 
model_name = 100_500_100_1_seed235 
seed = 235 
psi = -0.01 
n_pairs = 100000 
n_points = 500000 
batch_size = 10000 
layers = 100_500_100_1 
loss function = weighted_MAPE 

n_epochs = 331 
train_time = 6315.37 
sigma_train = 0.00207124 
sigma_test = 0.00208278 
delta_sigma_train = 2.38009e-06 
delta_sigma_test = 2.39274e-06 
E_train = 7.12196e-06 
E_test = 7.2e-06 
delta_E_train = 2.38009e-06 
delta_E_test = 2.39274e-06 
E_max_train = 0.0442899 
E_max_test = 0.0438949 
