[Results] 
model_name = 25 
seed = 1234 
n_pairs = 10000 
n_points = 50000 
batch_size = 10000 
function = f2 
psi = 0.0 
alpha = 2.4 
k = 1 
n_parameters = 25 
loss function = weighted_MAPE 

n_epochs = 200 
train_time = 183.171 
sigma_train = 0.381638 
sigma_test = 0.381826 
delta_sigma_train = 0.00138499 
delta_sigma_test = 0.00139544 
E_train = 0.241478 
E_test = 0.243134 
delta_E_train = 0.00206974 
delta_E_test = 0.00213384 
sigma_max_train = 3.52867 
sigma_max_test = 3.59251 
