[Results] 
model_name = k3 
seed = 1234 
n_pairs = 2000 
n_points = 10000 
batch_size = 10000 
function = f1 
psi = -1.0 
phi = 3.0 
k = 3 
n_parameters = 1225 
loss function = weighted_MSE 

n_epochs = 666 
train_time = 290.339 
sigma_train = 0.0344764 
sigma_test = 0.0536195 
delta_sigma_train = 0.000296844 
delta_sigma_test = 0.000493303 
E_train = 0.00206978 
E_test = 0.00530853 
delta_E_train = 4.0893e-05 
delta_E_test = 0.000104907 
sigma_max_train = 0.325358 
sigma_max_test = 0.373243 
