[Results] 
model_name = 25 
seed = 1234 
n_pairs = 100000 
n_points = 500000 
batch_size = 5000 
function = f1 
psi = 2.0 
phi = 2.0 
k = 1 
n_parameters = 25 
loss function = weighted_MAPE 

n_epochs = 500 
train_time = 3710.91 
sigma_train = 1.99621 
sigma_test = 1.99621 
delta_sigma_train = 0.119059 
delta_sigma_test = 0.110362 
E_train = 6795.92 
E_test = 6227.46 
delta_E_train = 0.119059 
delta_E_test = 0.110362 
sigma_max_train = 30375.8 
sigma_max_test = 28683.1 
