psi= 0.5
k= 4
n_points= 10000
seed= 17
rate= 1.0 n_epochs= 1000000
train= 0.008882232
test= 0.010949057
delta_sigma_train= 4.326129077846077e-05
delta_sigma_test= 4.622872953684942e-05
