[Results] 
model_name = 100_200_500_seed235 
seed = 235 
psi = -6 
n_pairs = 100000 
n_points = 500000 
batch_size = 10000 
layers = 100_200_500 

n_epochs = 151 
train_time = 1841.434815 
sigma_train = 0.015869 
sigma_test = 0.016571 
delta_sigma_train = 0.000031 
delta_sigma_test = 0.000032 
