[Results] 
model_name = 2 
seed = 1234 
n_pairs = 10000 
n_points = 50000 
batch_size = 10000 
function = f2 
psi = 3.0 
alpha = 1.2 
k = 2 
n_parameters = 225 
loss function = weighted_MAPE 

n_epochs = 200 
train_time = 172.875 
sigma_train = 0.166839 
sigma_test = 0.167139 
delta_sigma_train = 0.000602727 
delta_sigma_test = 0.000604619 
E_train = 0.0459887 
E_test = 0.0462117 
delta_E_train = 0.000321454 
delta_E_test = 0.000326571 
sigma_max_train = 1.07327 
sigma_max_test = 1.00186 
