[Results] 
model_name = 3 
seed = 1234 
n_pairs = 10000 
n_points = 50000 
batch_size = 10000 
function = f2 
psi = 3.0 
alpha = 1.2 
k = 3 
n_parameters = 1225 
loss function = weighted_MAPE 

n_epochs = 200 
train_time = 419.68 
sigma_train = 0.0777435 
sigma_test = 0.0808785 
delta_sigma_train = 0.000326529 
delta_sigma_test = 0.000332692 
E_train = 0.0113722 
E_test = 0.0120784 
delta_E_train = 0.000109786 
delta_E_test = 0.000117627 
sigma_max_train = 0.651219 
sigma_max_test = 0.661713 
