[Results] 
model_name = 25 
seed = 1234 
n_pairs = 10000 
n_points = 50000 
batch_size = 10000 
function = f2 
psi = -3.0 
alpha = 0.8 
k = 1 
n_parameters = 25 
loss function = weighted_MAPE 

n_epochs = 200 
train_time = 182.864 
sigma_train = 0.381744 
sigma_test = 0.386191 
delta_sigma_train = 0.00152537 
delta_sigma_test = 0.00153047 
E_train = 0.262081 
E_test = 0.26625 
delta_E_train = 0.00281511 
delta_E_test = 0.00283532 
sigma_max_train = 4.07738 
sigma_max_test = 4.31269 
