[Results] 
model_name = k3 
seed = 1234 
n_pairs = 2000 
n_points = 10000 
batch_size = 10000 
function = f1 
psi = -1.0 
phi = 2.8 
k = 3 
n_parameters = 1225 
loss function = weighted_MSE 

n_epochs = 666 
train_time = 449.3 
sigma_train = 0.0350665 
sigma_test = 0.0680133 
delta_sigma_train = 0.000305567 
delta_sigma_test = 0.000676943 
E_train = 0.00216337 
E_test = 0.00920833 
delta_E_train = 4.32049e-05 
delta_E_test = 0.000214739 
sigma_max_train = 0.30793 
sigma_max_test = 0.511763 
