[Results] 
model_name = k4 
seed = 1234 
n_pairs = 2000 
n_points = 10000 
batch_size = 10000 
function = f1 
psi = -1.0 
phi = 2.8 
k = 4 
n_parameters = 4900 
loss function = weighted_MSE 

n_epochs = 666 
train_time = 1528.4 
sigma_train = 0.0145111 
sigma_test = 0.124395 
delta_sigma_train = 0.000172365 
delta_sigma_test = 0.00127483 
E_train = 0.000507667 
E_test = 0.031726 
delta_E_train = 1.44632e-05 
delta_E_test = 0.000733495 
sigma_max_train = 0.194568 
sigma_max_test = 0.85441 
