[Results] 
model_name = 25 
seed = 1234 
n_pairs = 10000 
n_points = 50000 
batch_size = 10000 
function = f2 
psi = 3.0 
alpha = 0.8 
k = 1 
n_parameters = 25 
loss function = weighted_MAPE 

n_epochs = 200 
train_time = 192.514 
sigma_train = 0.400821 
sigma_test = 0.398607 
delta_sigma_train = 0.00158332 
delta_sigma_test = 0.00157719 
E_train = 0.286004 
E_test = 0.283208 
delta_E_train = 0.00308826 
delta_E_test = 0.00306136 
sigma_max_train = 4.54476 
sigma_max_test = 4.94523 
