[Results] 
model_name = k2 
seed = 1234 
n_pairs = 2000 
n_points = 10000 
batch_size = 10000 
function = f1 
psi = 0.0 
phi = 2.4 
k = 2 
n_parameters = 225 
loss function = weighted_MSE 

n_epochs = 666 
train_time = 62.3526 
sigma_train = 0.0668393 
sigma_test = 0.0951242 
delta_sigma_train = 0.000587717 
delta_sigma_test = 0.000749938 
E_train = 0.0079216 
E_test = 0.0146727 
delta_E_train = 0.000138049 
delta_E_test = 0.000232116 
sigma_max_train = 0.42982 
sigma_max_test = 0.521028 
