[Results] 
model_name = k4 
seed = 1234 
n_pairs = 2000 
n_points = 10000 
batch_size = 10000 
function = f1 
psi = 0.0 
phi = 2.4 
k = 4 
n_parameters = 4900 
loss function = weighted_MSE 

n_epochs = 666 
train_time = 25.9317 
sigma_train = 0.459764 
sigma_test = 0.482149 
delta_sigma_train = 0.00220667 
delta_sigma_test = 0.00221164 
E_train = 0.260077 
E_test = 0.281381 
delta_E_train = 0.00198182 
delta_E_test = 0.0020339 
sigma_max_train = 1.02451 
sigma_max_test = 1.04477 
