[Results] 
model_name = 2 
seed = 1234 
n_pairs = 10000 
n_points = 50000 
batch_size = 10000 
function = f2 
psi = 3.0 
alpha = 2.4 
k = 2 
n_parameters = 225 
loss function = weighted_MAPE 

n_epochs = 200 
train_time = 169.354 
sigma_train = 0.191403 
sigma_test = 0.192433 
delta_sigma_train = 0.0006973 
delta_sigma_test = 0.000690036 
E_train = 0.0609554 
E_test = 0.060842 
delta_E_train = 0.000430174 
delta_E_test = 0.000425506 
sigma_max_train = 1.25111 
sigma_max_test = 1.42836 
