[Results] 
model_name = 3 
seed = 1234 
n_pairs = 10000 
n_points = 50000 
batch_size = 10000 
function = f2 
psi = 3.0 
alpha = 2.4 
k = 3 
n_parameters = 1225 
loss function = weighted_MAPE 

n_epochs = 200 
train_time = 411.715 
sigma_train = 0.0942004 
sigma_test = 0.0978433 
delta_sigma_train = 0.000399781 
delta_sigma_test = 0.000404898 
E_train = 0.0168607 
E_test = 0.0177733 
delta_E_train = 0.000162561 
delta_E_test = 0.000169834 
sigma_max_train = 0.889505 
sigma_max_test = 0.848332 
