[Results] 
model_name = 25 
seed = 1234 
n_pairs = 100000 
n_points = 500000 
batch_size = 5000 
function = f1 
psi = 0.0 
phi = -1.0 
k = 1 
n_parameters = 25 
loss function = weighted_MAPE 

n_epochs = 500 
train_time = 3667.15 
sigma_train = 0.350511 
sigma_test = 0.351544 
delta_sigma_train = 0.000475957 
delta_sigma_test = 0.000477385 
E_train = 0.236145 
E_test = 0.23753 
delta_E_train = 0.000475957 
delta_E_test = 0.000477385 
sigma_max_train = 5.0113 
sigma_max_test = 4.82554 
