[Results] 
model_name = k2 
seed = 1234 
n_pairs = 2000 
n_points = 10000 
batch_size = 10000 
function = f2 
psi = -2.0 
alpha = 0.4 
k = 2 
n_parameters = 225 
loss function = weighted_MSE 

n_epochs = 666 
train_time = 11.0549 
sigma_train = 0.0952124 
sigma_test = 0.0970526 
delta_sigma_train = 0.000749884 
delta_sigma_test = 0.00078381 
E_train = 0.0146887 
E_test = 0.0155628 
delta_E_train = 0.000230595 
delta_E_test = 0.000253089 
sigma_max_train = 0.513077 
sigma_max_test = 0.550018 
