[Results] 
model_name = 100_1000_100_1_seed1234 
seed = 1234 
psi = -8.0 
n_pairs = 100000 
n_points = 500000 
batch_size = 10000 
layers = 100_1000_100_1 
loss function = weighted_MAPE 

n_epochs = 321 
train_time = 6258.39 
sigma_train = 0.015074 
sigma_test = 0.0153261 
delta_sigma_train = 2.39517e-05 
delta_sigma_test = 2.46777e-05 
E_train = 0.000514083 
E_test = 0.000539408 
delta_E_train = 2.39517e-05 
delta_E_test = 2.46777e-05 
E_max_train = 0.212778 
E_max_test = 0.198594 
