[Results] 
model_name = k3 
seed = 1234 
n_pairs = 2000 
n_points = 10000 
batch_size = 10000 
function = f1 
psi = -2.0 
phi = 2.4 
k = 3 
n_parameters = 1225 
loss function = weighted_MSE 

n_epochs = 666 
train_time = 448.143 
sigma_train = 0.0437174 
sigma_test = 0.125296 
delta_sigma_train = 0.00043422 
delta_sigma_test = 0.0025842 
E_train = 0.00379668 
E_test = 0.0824797 
delta_E_train = 8.08714e-05 
delta_E_test = 0.0061195 
sigma_max_train = 0.32078 
sigma_max_test = 2.78849 
