[Results] 
model_name = k4 
seed = 1234 
n_pairs = 2000 
n_points = 10000 
batch_size = 10000 
function = f1 
psi = -2.0 
phi = 2.4 
k = 4 
n_parameters = 4900 
loss function = weighted_MSE 

n_epochs = 666 
train_time = 1505.24 
sigma_train = 0.0231325 
sigma_test = 0.183997 
delta_sigma_train = 0.000238677 
delta_sigma_test = 0.00187554 
E_train = 0.00110478 
E_test = 0.0690314 
delta_E_train = 2.48725e-05 
delta_E_test = 0.00157531 
sigma_max_train = 0.209117 
sigma_max_test = 0.92992 
