[Results] 
model_name = 50_50_1 
seed = 1234 
n_pairs = 100000 
n_points = 500000 
batch_size = 5000 
function = f0 
psi = -4.0 
k = 4 
n_parameters = 3800 
loss function = weighted_MAPE 

n_epochs = 150 
train_time = 1870.49 
sigma_train = 0.0485542 
sigma_test = 0.0492437 
delta_sigma_train = 8.56587e-05 
delta_sigma_test = 8.64153e-05 
E_train = 0.00602739 
E_test = 0.00615823 
delta_E_train = 3.20898e-05 
delta_E_test = 3.25498e-05 
sigma_max_train = 0.647099 
sigma_max_test = 0.625824 
