[Results] 
model_name = 25 
seed = 1234 
n_pairs = 10000 
n_points = 50000 
batch_size = 10000 
function = f2 
psi = 1.0 
alpha = 0.4 
k = 1 
n_parameters = 25 
loss function = weighted_MAPE 

n_epochs = 200 
train_time = 182.196 
sigma_train = 0.387081 
sigma_test = 0.389024 
delta_sigma_train = 0.00163617 
delta_sigma_test = 0.00163669 
E_train = 0.283678 
E_test = 0.285274 
delta_E_train = 0.00351373 
delta_E_test = 0.00350969 
sigma_max_train = 4.75666 
sigma_max_test = 4.82394 
