[Results] 
model_name = 50_100_200_seed236 
seed = 236 
psi = -3 
n_pairs = 100000 
n_points = 500000 
batch_size = 1000 
layers = 50_100_200 

n_epochs = 31 
train_time = 1123.138196 
sigma_train = 0.042849 
sigma_test = 0.043273 
delta_sigma_train = 0.000066 
delta_sigma_test = 0.000067 
