[Results] 
model_name = 100_500_100_1_seed1729 
seed = 1729 
psi = -0.5 
phi = 0.0 
n_pairs = 100000 
n_points = 500000 
batch_size = 10000 
layers = 100_500_100_1 
loss function = weighted_MAPE 

n_epochs = 91 
train_time = 1805.3 
sigma_train = 0.00976305 
sigma_test = 0.00978988 
delta_sigma_train = 1.22794e-05 
delta_sigma_test = 1.231e-05 
E_train = 0.000170712 
E_test = 0.000171593 
delta_E_train = 1.22794e-05 
delta_E_test = 1.231e-05 
E_max_train = 0.0886667 
E_max_test = 0.0908826 
