[Results] 
model_name = k2 
seed = 1234 
n_pairs = 2000 
n_points = 10000 
batch_size = 10000 
function = f1 
psi = -2.0 
phi = 0.0 
k = 2 
n_parameters = 225 
loss function = weighted_MSE 

n_epochs = 666 
train_time = 8.86611 
sigma_train = 0.0691616 
sigma_test = 0.0703773 
delta_sigma_train = 0.00055677 
delta_sigma_test = 0.000565283 
E_train = 0.00788325 
E_test = 0.00814842 
delta_E_train = 0.0001235 
delta_E_test = 0.000127707 
sigma_max_train = 0.439746 
sigma_max_test = 0.423179 
