[Results] 
model_name = 25 
seed = 1234 
n_pairs = 10000 
n_points = 50000 
batch_size = 10000 
function = f1 
psi = -3.0 
phi = 2.0 
k = 1 
n_parameters = 25 
loss function = weighted_MAPE 

n_epochs = 200 
train_time = 129.209 
sigma_train = 0.329696 
sigma_test = 0.329053 
delta_sigma_train = 0.00138378 
delta_sigma_test = 0.00138248 
E_train = 0.204451 
E_test = 0.203879 
delta_E_train = 0.00138378 
delta_E_test = 0.00138248 
sigma_max_train = 4.74377 
sigma_max_test = 5.3198 
