[Results] 
model_name = 100_500_100_1_seed1234 
seed = 1234 
psi = -4.0 
n_pairs = 100000 
n_points = 500000 
batch_size = 1000 
layers = 100_500_100_1 
loss function = weighted_MAPE 

n_epochs = 111 
train_time = 5339.47 
sigma_train = 0.00915143 
sigma_test = 0.00959526 
delta_sigma_train = 1.6506e-05 
delta_sigma_test = 1.78701e-05 
E_train = 0.000219916 
E_test = 0.000251537 
delta_E_train = 1.6506e-05 
delta_E_test = 1.78701e-05 
E_max_train = 0.24409 
E_max_test = 0.294787 
