[Results] 
model_name = 3 
seed = 1234 
n_pairs = 10000 
n_points = 50000 
batch_size = 10000 
function = f1 
psi = -1.0 
phi = 0.4 
k = 3 
n_parameters = 1225 
loss function = weighted_MAPE 

n_epochs = 200 
train_time = 398.729 
sigma_train = 0.0342858 
sigma_test = 0.0362201 
delta_sigma_train = 0.000150074 
delta_sigma_test = 0.000151763 
E_train = 0.0023017 
E_test = 0.00246376 
delta_E_train = 2.54497e-05 
delta_E_test = 2.6082e-05 
sigma_max_train = 0.362672 
sigma_max_test = 0.396535 
