[Results] 
model_name = 25 
seed = 1234 
n_pairs = 10000 
n_points = 50000 
batch_size = 10000 
function = f0 
psi = -4.8 
k = 1 
n_parameters = 25 
loss function = weighted_MAPE 

n_epochs = 200 
train_time = 129.648 
sigma_train = 0.330405 
sigma_test = 0.334267 
delta_sigma_train = 0.00139562 
delta_sigma_test = 0.001415 
E_train = 0.206524 
E_test = 0.211825 
delta_E_train = 0.00139562 
delta_E_test = 0.001415 
sigma_max_train = 3.59532 
sigma_max_test = 3.7659 
