[Results] 
model_name = 50_100_200_seed1234 
seed = 1234 
psi = -1 
n_pairs = 100000 
n_points = 500000 
batch_size = 1000 
layers = 50_100_200 

n_epochs = 61 
train_time = 1746.544318 
sigma_train = 0.016214 
sigma_test = 0.016291 
delta_sigma_train = 0.000022 
delta_sigma_test = 0.000022 
