[Results] 
model_name = k2 
seed = 1234 
n_pairs = 2000 
n_points = 10000 
batch_size = 10000 
function = f2 
psi = 2.0 
alpha = 0.8 
k = 2 
n_parameters = 225 
loss function = weighted_MSE 

n_epochs = 666 
train_time = 9.62973 
sigma_train = 0.135026 
sigma_test = 0.13944 
delta_sigma_train = 0.00106135 
delta_sigma_test = 0.00111548 
E_train = 0.0294965 
E_test = 0.0318865 
delta_E_train = 0.000447921 
delta_E_test = 0.000497621 
sigma_max_train = 0.614836 
sigma_max_test = 0.804688 
