[Results] 
model_name = k3 
seed = 1234 
n_pairs = 2000 
n_points = 10000 
batch_size = 10000 
function = f2 
psi = 2.0 
alpha = 0.8 
k = 3 
n_parameters = 1225 
loss function = weighted_MSE 

n_epochs = 666 
train_time = 43.5522 
sigma_train = 0.0621802 
sigma_test = 0.075955 
delta_sigma_train = 0.000527004 
delta_sigma_test = 0.000646509 
E_train = 0.00664372 
E_test = 0.00994891 
delta_E_train = 0.000118886 
delta_E_test = 0.000180448 
sigma_max_train = 0.369767 
sigma_max_test = 0.455636 
