[Results] 
model_name = 100_500_100_seed1234 
seed = 1234 
psi = -15 
n_pairs = 100000 
n_points = 500000 
batch_size = 10000 
layers = 100_500_100 

n_epochs = 91 
train_time = 2598.419355 
sigma_train = 0.006079 
sigma_test = 0.006261 
delta_sigma_train = 0.000007 
delta_sigma_test = 0.000007 
