[Results] 
model_name = 2 
seed = 1234 
n_pairs = 10000 
n_points = 50000 
batch_size = 10000 
function = f2 
psi = -2.0 
alpha = 0.4 
k = 2 
n_parameters = 225 
loss function = weighted_MAPE 

n_epochs = 200 
train_time = 170.269 
sigma_train = 0.0953762 
sigma_test = 0.0973402 
delta_sigma_train = 0.000346433 
delta_sigma_test = 0.000351599 
E_train = 0.0150963 
E_test = 0.0156558 
delta_E_train = 0.000111424 
delta_E_test = 0.000115704 
sigma_max_train = 0.583134 
sigma_max_test = 0.633886 
