[Results] 
model_name = 2 
seed = 1234 
n_pairs = 10000 
n_points = 50000 
batch_size = 10000 
function = f2 
psi = -1.0 
alpha = 2.0 
k = 2 
n_parameters = 225 
loss function = weighted_MAPE 

n_epochs = 200 
train_time = 183.973 
sigma_train = 0.180608 
sigma_test = 0.181133 
delta_sigma_train = 0.000656108 
delta_sigma_test = 0.000655477 
E_train = 0.0541536 
E_test = 0.0542842 
delta_E_train = 0.000383521 
delta_E_test = 0.00038101 
sigma_max_train = 1.17842 
sigma_max_test = 1.19446 
