[Results] 
model_name = 25 
seed = 1234 
n_pairs = 10000 
n_points = 50000 
batch_size = 10000 
function = f1 
psi = 0.0 
phi = -1.0 
k = 1 
n_parameters = 25 
loss function = weighted_MAPE 

n_epochs = 200 
train_time = 137.795 
sigma_train = 0.349733 
sigma_test = 0.350478 
delta_sigma_train = 0.00149163 
delta_sigma_test = 0.00150423 
E_train = 0.2336 
E_test = 0.235976 
delta_E_train = 0.00149163 
delta_E_test = 0.00150423 
sigma_max_train = 4.5269 
sigma_max_test = 4.69647 
