[Results] 
model_name = 100_500_100_1_seed320 
seed = 320 
psi = -15.0 
n_pairs = 100000 
n_points = 500000 
batch_size = 10000 
layers = 100_500_100_1 
loss function = weighted_MAPE 

n_epochs = 401 
train_time = 7397.19 
sigma_train = 0.00618845 
sigma_test = 0.00631047 
delta_sigma_train = 6.92761e-06 
delta_sigma_test = 7.07012e-06 
E_train = 6.22922e-05 
E_test = 6.48141e-05 
delta_E_train = 6.92761e-06 
delta_E_test = 7.07012e-06 
E_max_train = 0.0449017 
E_max_test = 0.0438599 
