[Results] 
model_name = 100_500_100_1_seed320 
seed = 320 
psi = -15.0 
n_pairs = 100000 
n_points = 500000 
batch_size = 10000 
layers = 100_500_100_1 
loss function = weighted_MAPE 

n_epochs = 401 
train_time = 7397.19 
sigma_train = 0.00618861 
sigma_test = 0.00631058 
delta_sigma_train = 6.92753e-06 
delta_sigma_test = 7.06986e-06 
E_train = 6.22936e-05 
E_test = 6.48136e-05 
delta_E_train = 6.92753e-06 
delta_E_test = 7.06986e-06 
E_max_train = 0.0366328 
E_max_test = 0.0378962 
