[Results] 
model_name = k2 
seed = 1234 
n_pairs = 2000 
n_points = 10000 
batch_size = 10000 
function = f1 
psi = 2.0 
phi = 0.8 
k = 2 
n_parameters = 225 
loss function = weighted_MSE 

n_epochs = 666 
train_time = 8.70246 
sigma_train = 0.0766855 
sigma_test = 0.0801706 
delta_sigma_train = 0.000612076 
delta_sigma_test = 0.000630156 
E_train = 0.00962704 
E_test = 0.0103983 
delta_E_train = 0.000146565 
delta_E_test = 0.000155818 
sigma_max_train = 0.426527 
sigma_max_test = 0.457644 
