[Results] 
model_name = k3 
seed = 1234 
n_pairs = 2000 
n_points = 10000 
batch_size = 10000 
function = f1 
psi = 2.0 
phi = 0.8 
k = 3 
n_parameters = 1225 
loss function = weighted_MSE 

n_epochs = 666 
train_time = 35.7226 
sigma_train = 0.0488335 
sigma_test = 0.0585123 
delta_sigma_train = 0.000417884 
delta_sigma_test = 0.000502376 
E_train = 0.00413098 
E_test = 0.00594751 
delta_E_train = 7.366e-05 
delta_E_test = 0.000102804 
sigma_max_train = 0.361544 
sigma_max_test = 0.368953 
