[Results] 
model_name = 2 
seed = 1234 
n_pairs = 10000 
n_points = 50000 
batch_size = 10000 
function = f2 
psi = 0.0 
alpha = 2.8 
k = 2 
n_parameters = 225 
loss function = weighted_MAPE 

n_epochs = 200 
train_time = 175.92 
sigma_train = 0.187338 
sigma_test = 0.189682 
delta_sigma_train = 0.000679396 
delta_sigma_test = 0.000681319 
E_train = 0.0581746 
E_test = 0.0591865 
delta_E_train = 0.000407309 
delta_E_test = 0.000414476 
sigma_max_train = 1.25087 
sigma_max_test = 1.39465 
