[Results] 
model_name = 3 
seed = 1234 
n_pairs = 10000 
n_points = 50000 
batch_size = 10000 
function = f2 
psi = 0.0 
alpha = 2.8 
k = 3 
n_parameters = 1225 
loss function = weighted_MAPE 

n_epochs = 200 
train_time = 408.868 
sigma_train = 0.0916705 
sigma_test = 0.0964588 
delta_sigma_train = 0.000386756 
delta_sigma_test = 0.000399767 
E_train = 0.0158818 
E_test = 0.0172956 
delta_E_train = 0.00014896 
delta_E_test = 0.000164823 
sigma_max_train = 0.859393 
sigma_max_test = 0.762453 
