[Results] 
model_name = 25 
seed = 1234 
n_pairs = 10000 
n_points = 50000 
batch_size = 10000 
function = f1 
psi = 1.0 
phi = 3.0 
k = 1 
n_parameters = 25 
loss function = weighted_MAPE 

n_epochs = 200 
train_time = 139.05 
sigma_train = 0.348324 
sigma_test = 0.347433 
delta_sigma_train = 0.00147619 
delta_sigma_test = 0.0014754 
E_train = 0.230287 
E_test = 0.229475 
delta_E_train = 0.00289319 
delta_E_test = 0.00292353 
sigma_max_train = 4.64892 
sigma_max_test = 4.94242 
