[Results] 
model_name = 25 
seed = 1234 
n_pairs = 10000 
n_points = 50000 
batch_size = 10000 
function = f2 
psi = -3.0 
alpha = 2.4 
k = 1 
n_parameters = 25 
loss function = weighted_MAPE 

n_epochs = 200 
train_time = 188.205 
sigma_train = 0.366026 
sigma_test = 0.368807 
delta_sigma_train = 0.00132693 
delta_sigma_test = 0.00134578 
E_train = 0.221973 
E_test = 0.226584 
delta_E_train = 0.00190271 
delta_E_test = 0.00196731 
sigma_max_train = 3.54891 
sigma_max_test = 3.45056 
