[Results] 
model_name = 100_200_500_seed1234 
seed = 1234 
psi = -1 
n_pairs = 100000 
n_points = 500000 
batch_size = 10000 
layers = 100_200_500 

n_epochs = 111 
train_time = 1282.411861 
sigma_train = 0.005589 
sigma_test = 0.005718 
delta_sigma_train = 0.000006 
delta_sigma_test = 0.000006 
