[Results] 
model_name = k2 
seed = 1234 
n_pairs = 2000 
n_points = 10000 
batch_size = 10000 
function = f2 
psi = -2.0 
alpha = 2.8 
k = 2 
n_parameters = 225 
loss function = weighted_MSE 

n_epochs = 666 
train_time = 9.49597 
sigma_train = 0.1835 
sigma_test = 0.190169 
delta_sigma_train = 0.00140944 
delta_sigma_test = 0.00149634 
E_train = 0.0535373 
E_test = 0.0585545 
delta_E_train = 0.000761792 
delta_E_test = 0.00088184 
sigma_max_train = 0.907364 
sigma_max_test = 1.09452 
