[Results] 
model_name = 25 
seed = 1234 
n_pairs = 10000 
n_points = 50000 
batch_size = 10000 
function = f0 
psi = 4.0 
k = 1 
n_parameters = 25 
loss function = weighted_MAPE 

n_epochs = 200 
train_time = 143.367 
sigma_train = 0.340012 
sigma_test = 0.342273 
delta_sigma_train = 0.00143768 
delta_sigma_test = 0.00145322 
E_train = 0.218954 
E_test = 0.222726 
delta_E_train = 0.00143768 
delta_E_test = 0.00145322 
sigma_max_train = 3.71197 
sigma_max_test = 3.97907 
