[Results] 
model_name = 2 
seed = 1234 
n_pairs = 10000 
n_points = 50000 
batch_size = 10000 
function = f1 
psi = 2.0 
phi = 0.0 
k = 2 
n_parameters = 225 
loss function = weighted_MAPE 

n_epochs = 200 
train_time = 178.696 
sigma_train = 0.068351 
sigma_test = 0.069006 
delta_sigma_train = 0.000245169 
delta_sigma_test = 0.000244394 
E_train = 0.00767681 
E_test = 0.0077488 
delta_E_train = 5.24051e-05 
delta_E_test = 5.30097e-05 
sigma_max_train = 0.450988 
sigma_max_test = 0.484848 
