[Results] 
model_name = k2 
seed = 1234 
n_pairs = 2000 
n_points = 10000 
batch_size = 10000 
function = f2 
psi = 0.0 
alpha = 0.0 
k = 2 
n_parameters = 225 
loss function = weighted_MSE 

n_epochs = 666 
train_time = 9.12129 
sigma_train = 0.0524252 
sigma_test = 0.0531562 
delta_sigma_train = 0.000403764 
delta_sigma_test = 0.000406412 
E_train = 0.00437865 
E_test = 0.00447729 
delta_E_train = 6.89578e-05 
delta_E_test = 6.8289e-05 
sigma_max_train = 0.432068 
sigma_max_test = 0.406945 
