[Results] 
model_name = k3 
seed = 1234 
n_pairs = 2000 
n_points = 10000 
batch_size = 10000 
function = f2 
psi = 0.0 
alpha = 0.0 
k = 3 
n_parameters = 1225 
loss function = weighted_MSE 

n_epochs = 666 
train_time = 22.2175 
sigma_train = 0.0256523 
sigma_test = 0.0297476 
delta_sigma_train = 0.000243102 
delta_sigma_test = 0.000266612 
E_train = 0.00124903 
E_test = 0.00159574 
delta_E_train = 3.68176e-05 
delta_E_test = 3.9055e-05 
sigma_max_train = 0.326243 
sigma_max_test = 0.330808 
