[Results] 
model_name = 25 
seed = 1234 
n_pairs = 100000 
n_points = 500000 
batch_size = 5000 
function = f1 
psi = 1.0 
phi = 1.0 
k = 1 
n_parameters = 25 
loss function = weighted_MAPE 

n_epochs = 500 
train_time = 3710.55 
sigma_train = 0.379534 
sigma_test = 0.379651 
delta_sigma_train = 0.000514725 
delta_sigma_test = 0.000516542 
E_train = 0.276531 
E_test = 0.277526 
delta_E_train = 0.000514725 
delta_E_test = 0.000516542 
sigma_max_train = 4.98535 
sigma_max_test = 5.56086 
