[Results] 
model_name = 2 
seed = 1234 
n_pairs = 10000 
n_points = 50000 
batch_size = 10000 
function = f2 
psi = 2.0 
alpha = 0.4 
k = 2 
n_parameters = 225 
loss function = weighted_MAPE 

n_epochs = 200 
train_time = 174.232 
sigma_train = 0.0943964 
sigma_test = 0.094375 
delta_sigma_train = 0.000338067 
delta_sigma_test = 0.000333592 
E_train = 0.0146247 
E_test = 0.0144698 
delta_E_train = 0.000106829 
delta_E_test = 0.00010205 
sigma_max_train = 0.667535 
sigma_max_test = 0.529606 
