[Results] 
model_name = 2 
seed = 1234 
n_pairs = 10000 
n_points = 50000 
batch_size = 10000 
function = f2 
psi = 0.0 
alpha = 0.0 
k = 2 
n_parameters = 225 
loss function = weighted_MAPE 

n_epochs = 200 
train_time = 178.364 
sigma_train = 0.0523857 
sigma_test = 0.0529263 
delta_sigma_train = 0.00018348 
delta_sigma_test = 0.000182403 
E_train = 0.0044278 
E_test = 0.00446504 
delta_E_train = 3.26454e-05 
delta_E_test = 3.26112e-05 
sigma_max_train = 0.442824 
sigma_max_test = 0.476414 
