[Results] 
model_name = k2 
seed = 1234 
n_pairs = 2000 
n_points = 10000 
batch_size = 10000 
function = f2 
psi = 3.0 
alpha = 3.0 
k = 2 
n_parameters = 225 
loss function = weighted_MSE 

n_epochs = 666 
train_time = 8.72113 
sigma_train = 0.188975 
sigma_test = 0.19424 
delta_sigma_train = 0.00148097 
delta_sigma_test = 0.00154382 
E_train = 0.0576445 
E_test = 0.061563 
delta_E_train = 0.000873219 
delta_E_test = 0.000941051 
sigma_max_train = 0.995459 
sigma_max_test = 0.935428 
