[Results] 
model_name = k3 
seed = 1234 
n_pairs = 2000 
n_points = 10000 
batch_size = 10000 
function = f2 
psi = 3.0 
alpha = 3.0 
k = 3 
n_parameters = 1225 
loss function = weighted_MSE 

n_epochs = 666 
train_time = 56.2323 
sigma_train = 0.0830291 
sigma_test = 0.104636 
delta_sigma_train = 0.000668769 
delta_sigma_test = 0.00092989 
E_train = 0.0113664 
E_test = 0.0195956 
delta_E_train = 0.000186177 
delta_E_test = 0.000384052 
sigma_max_train = 0.456094 
sigma_max_test = 0.818407 
