[Results] 
model_name = 2 
seed = 1234 
n_pairs = 10000 
n_points = 50000 
batch_size = 10000 
function = f0 
psi = -1.6 
k = 2 
n_parameters = 225 
loss function = weighted_MAPE 

n_epochs = 200 
train_time = 180.545 
sigma_train = 0.0641587 
sigma_test = 0.064867 
delta_sigma_train = 0.000223852 
delta_sigma_test = 0.000224524 
E_train = 0.00662218 
E_test = 0.00672877 
delta_E_train = 4.45483e-05 
delta_E_test = 4.4889e-05 
sigma_max_train = 0.441459 
sigma_max_test = 0.47642 
