[Results] 
model_name = 3 
seed = 1234 
n_pairs = 10000 
n_points = 50000 
batch_size = 10000 
function = f0 
psi = -1.6 
k = 3 
n_parameters = 1225 
loss function = weighted_MAPE 

n_epochs = 200 
train_time = 413.514 
sigma_train = 0.0418146 
sigma_test = 0.0440061 
delta_sigma_train = 0.000179356 
delta_sigma_test = 0.000181249 
E_train = 0.00335744 
E_test = 0.00357897 
delta_E_train = 3.11787e-05 
delta_E_test = 3.21073e-05 
sigma_max_train = 0.358182 
sigma_max_test = 0.372195 
