[Results] 
model_name = 100_500_100_1_seed320 
seed = 320 
psi = -2.0 
n_pairs = 100000 
n_points = 500000 
batch_size = 10000 
layers = 100_500_100_1 
loss function = weighted_MSE 

n_epochs = 1 
train_time = 48.3 
sigma_train = 1.99746 
sigma_test = 1.99769 
delta_sigma_train = 0.130454 
delta_sigma_test = 0.126466 
E_train = 8556.02 
E_test = 7898.09 
delta_E_train = 0.130454 
delta_E_test = 0.126466 
E_max_train = 570.387 
E_max_test = 565.366 
