[Results] 
model_name = 25 
seed = 1234 
n_pairs = 10000 
n_points = 50000 
batch_size = 10000 
function = f1 
psi = -2.0 
phi = 3.0 
k = 1 
n_parameters = 25 
loss function = weighted_MAPE 

n_epochs = 200 
train_time = 130.183 
sigma_train = 0.335737 
sigma_test = 0.337505 
delta_sigma_train = 0.00139991 
delta_sigma_test = 0.0014084 
E_train = 0.21071 
E_test = 0.213082 
delta_E_train = 0.00139991 
delta_E_test = 0.0014084 
sigma_max_train = 5.0977 
sigma_max_test = 5.52123 
