a= 0.5
b= 2.0
k= 3
n_points= 10000
seed= 17
rate= 1.0 n_epochs= 1000000
train= 0.12353164
test= 0.13413541
delta_sigma_train= 0.000672300375971745
delta_sigma_test= 0.0007120934824130071
