[Results] 
model_name = 2 
seed = 1234 
n_pairs = 10000 
n_points = 50000 
batch_size = 10000 
function = f1 
psi = 1.0 
phi = 2.4 
k = 2 
n_parameters = 225 
loss function = weighted_MAPE 

n_epochs = 200 
train_time = 190.413 
sigma_train = 0.214858 
sigma_test = 0.227599 
delta_sigma_train = 0.0015971 
delta_sigma_test = 0.00163268 
E_train = 0.173779 
E_test = 0.185118 
delta_E_train = 0.00579018 
delta_E_test = 0.00593616 
sigma_max_train = 8.93389 
sigma_max_test = 9.14161 
