[Results] 
model_name = 3 
seed = 1234 
n_pairs = 10000 
n_points = 50000 
batch_size = 10000 
function = f1 
psi = 1.0 
phi = 2.4 
k = 3 
n_parameters = 1225 
loss function = weighted_MAPE 

n_epochs = 200 
train_time = 411.53 
sigma_train = 0.322156 
sigma_test = 0.395867 
delta_sigma_train = 0.00230738 
delta_sigma_test = 0.00255742 
E_train = 0.370127 
E_test = 0.483542 
delta_E_train = 0.00831665 
delta_E_test = 0.00996713 
sigma_max_train = 8.19931 
sigma_max_test = 8.34479 
