[Results] 
model_name = 25 
seed = 1234 
n_pairs = 10000 
n_points = 50000 
batch_size = 10000 
function = f0 
psi = -2.0 
k = 1 
n_parameters = 25 
loss function = weighted_MAPE 

n_epochs = 200 
train_time = 125.416 
sigma_train = 0.363909 
sigma_test = 0.366364 
delta_sigma_train = 0.00156659 
delta_sigma_test = 0.00158345 
E_train = 0.255132 
E_test = 0.259627 
delta_E_train = 0.00156659 
delta_E_test = 0.00158345 
sigma_max_train = 4.26555 
sigma_max_test = 4.45392 
