[Results] 
model_name = 100_200_500_seed1234 
seed = 1234 
psi = -5 
n_pairs = 100000 
n_points = 500000 
batch_size = 10000 
layers = 100_200_500 

n_epochs = 91 
train_time = 1671.911527 
sigma_train = 0.020140 
sigma_test = 0.021372 
delta_sigma_train = 0.000053 
delta_sigma_test = 0.000055 
