[Results] 
model_name = 100_500_100_1_seed1234 
seed = 1234 
psi = -0.01 
n_pairs = 100000 
n_points = 500000 
batch_size = 10000 
layers = 100_500_100_1 
loss function = weighted_MAPE 

n_epochs = 11 
train_time = 225.889 
sigma_train = 0.749286 
sigma_test = 0.750097 
delta_sigma_train = 0.00103855 
delta_sigma_test = 0.0010438 
E_train = 1.10081 
E_test = 1.10757 
delta_E_train = 0.00103855 
delta_E_test = 0.0010438 
E_max_train = 15.895 
E_max_test = 17.0785 
