[Results] 
model_name = 100_500_100_1_seed1234 
seed = 1234 
psi = -0.01 
n_pairs = 100000 
n_points = 500000 
batch_size = 10000 
layers = 100_500_100_1 
loss function = weighted_MAPE 

n_epochs = 11 
train_time = 225.889 
sigma_train = 0.749316 
sigma_test = 0.750103 
delta_sigma_train = 0.00103856 
delta_sigma_test = 0.00104384 
E_train = 1.10077 
E_test = 1.1075 
delta_E_train = 0.00103856 
delta_E_test = 0.00104384 
E_max_train = 12.184 
E_max_test = 12.3648 
