[Results] 
model_name = 50_100_100 
seed = 1234 
psi = 0.5 
n_pairs = 100000 
n_points = 500000 
batch_size = 1000 
layers = 50_100_100 

n_epochs = 31 
train_time = 768.892840 
sigma_train = 13.543422 
sigma_test = 15.465372 
delta_sigma_train = 0.522992 
delta_sigma_test = 0.370233 
