[Results] 
model_name = 25 
seed = 1234 
n_pairs = 10000 
n_points = 50000 
batch_size = 10000 
function = f2 
psi = 2.0 
alpha = 0.4 
k = 1 
n_parameters = 25 
loss function = weighted_MAPE 

n_epochs = 200 
train_time = 183.898 
sigma_train = 0.381874 
sigma_test = 0.383162 
delta_sigma_train = 0.0016055 
delta_sigma_test = 0.00160369 
E_train = 0.274671 
E_test = 0.275416 
delta_E_train = 0.00334196 
delta_E_test = 0.003335 
sigma_max_train = 4.65266 
sigma_max_test = 4.6277 
