[Results] 
model_name = 2 
seed = 1234 
n_pairs = 10000 
n_points = 50000 
batch_size = 10000 
function = f1 
psi = -3.0 
phi = 0.8 
k = 2 
n_parameters = 225 
loss function = weighted_MAPE 

n_epochs = 200 
train_time = 175.353 
sigma_train = 0.0923957 
sigma_test = 0.094129 
delta_sigma_train = 0.000386133 
delta_sigma_test = 0.000386933 
E_train = 0.0159913 
E_test = 0.0163485 
delta_E_train = 0.000151736 
delta_E_test = 0.000148439 
sigma_max_train = 0.642631 
sigma_max_test = 0.635483 
