[Results] 
model_name = 3 
seed = 1234 
n_pairs = 10000 
n_points = 50000 
batch_size = 10000 
function = f1 
psi = -3.0 
phi = 0.8 
k = 3 
n_parameters = 1225 
loss function = weighted_MAPE 

n_epochs = 200 
train_time = 408.936 
sigma_train = 0.0704275 
sigma_test = 0.074593 
delta_sigma_train = 0.000334858 
delta_sigma_test = 0.000337001 
E_train = 0.0105656 
E_test = 0.0112427 
delta_E_train = 0.000128856 
delta_E_test = 0.000126325 
sigma_max_train = 0.629293 
sigma_max_test = 0.626669 
