[Results] 
model_name = 500_500_100_1_seed235 
seed = 235 
psi = -0.5 
alpha = 2.0 
n_pairs = 100000 
n_points = 500000 
batch_size = 1000 
layers = 500_500_100_1 
loss function = weighted_MAPE 

n_epochs = 71 
train_time = 2726.67 
sigma_train = 0.0122615 
sigma_test = 0.0125686 
delta_sigma_train = 1.89999e-05 
delta_sigma_test = 1.97019e-05 
E_train = 0.000331157 
E_test = 0.000352244 
delta_E_train = 1.89999e-05 
delta_E_test = 1.97019e-05 
E_max_train = 0.109138 
E_max_test = 0.11012 
