[Results] 
model_name = 50_100_200_seed235 
seed = 235 
psi = -3 
n_pairs = 100000 
n_points = 500000 
batch_size = 1000 
layers = 50_100_200 

n_epochs = 171 
train_time = 4881.199295 
sigma_train = 0.020210 
sigma_test = 0.020467 
delta_sigma_train = 0.000032 
delta_sigma_test = 0.000032 
