[Results] 
model_name = 25 
seed = 1234 
n_pairs = 10000 
n_points = 50000 
batch_size = 10000 
function = f1 
psi = 1.0 
phi = -2.0 
k = 1 
n_parameters = 25 
loss function = weighted_MAPE 

n_epochs = 200 
train_time = 127.532 
sigma_train = 0.334342 
sigma_test = 0.335379 
delta_sigma_train = 0.00144527 
delta_sigma_test = 0.00145671 
E_train = 0.216235 
E_test = 0.218598 
delta_E_train = 0.00144527 
delta_E_test = 0.00145671 
sigma_max_train = 5.01581 
sigma_max_test = 4.61914 
