[Results] 
model_name = 25 
seed = 1234 
n_pairs = 10000 
n_points = 50000 
batch_size = 10000 
function = f1 
psi = 1.0 
phi = 1.0 
k = 1 
n_parameters = 25 
loss function = weighted_MAPE 

n_epochs = 200 
train_time = 127.791 
sigma_train = 0.376976 
sigma_test = 0.379618 
delta_sigma_train = 0.00161989 
delta_sigma_test = 0.00163056 
E_train = 0.273262 
E_test = 0.276997 
delta_E_train = 0.00161989 
delta_E_test = 0.00163056 
sigma_max_train = 4.39365 
sigma_max_test = 4.53004 
