[Results] 
model_name = 25 
seed = 1234 
n_pairs = 10000 
n_points = 50000 
batch_size = 10000 
function = f2 
psi = -1.0 
alpha = 1.6 
k = 1 
n_parameters = 25 
loss function = weighted_MAPE 

n_epochs = 200 
train_time = 193.766 
sigma_train = 0.391985 
sigma_test = 0.392676 
delta_sigma_train = 0.00146615 
delta_sigma_test = 0.00147421 
E_train = 0.261119 
E_test = 0.26287 
delta_E_train = 0.00245711 
delta_E_test = 0.00251027 
sigma_max_train = 3.74063 
sigma_max_test = 4.2032 
