[Results] 
model_name = 100_500_100_seed320 
seed = 320 
psi = -1 
n_pairs = 100000 
n_points = 500000 
batch_size = 10000 
layers = 100_500_100 

n_epochs = 41 
train_time = 1209.242157 
sigma_train = 0.006382 
sigma_test = 0.006490 
delta_sigma_train = 0.000007 
delta_sigma_test = 0.000007 
