[Results] 
model_name = 100_500_100_1_seed320 
seed = 320 
psi = -3.0 
n_pairs = 100000 
n_points = 500000 
batch_size = 10000 
layers = 100_500_100_1 
loss function = weighted_MSE 

n_epochs = 21 
train_time = 684.921 
sigma_train = 0.512566 
sigma_test = 0.512009 
delta_sigma_train = 0.000723307 
delta_sigma_test = 0.000716359 
E_train = 0.524272 
E_test = 0.518727 
delta_E_train = 0.000723307 
delta_E_test = 0.000716359 
E_max_train = 0.794616 
E_max_test = 0.795953 
