[Results] 
model_name = 25 
seed = 1234 
n_pairs = 10000 
n_points = 50000 
batch_size = 10000 
function = f1 
psi = 2.0 
phi = 3.0 
k = 1 
n_parameters = 25 
loss function = weighted_MAPE 

n_epochs = 200 
train_time = 139.136 
sigma_train = 0.340527 
sigma_test = 0.338591 
delta_sigma_train = 0.00141619 
delta_sigma_test = 0.00141497 
E_train = 0.21626 
E_test = 0.2148 
delta_E_train = 0.00258957 
delta_E_test = 0.00260721 
sigma_max_train = 5.10827 
sigma_max_test = 5.39822 
