[Results] 
model_name = 100_200_500_seed320 
seed = 320 
psi = -1 
n_pairs = 100000 
n_points = 500000 
batch_size = 10000 
layers = 100_200_500 

n_epochs = 91 
train_time = 1037.760979 
sigma_train = 0.006001 
sigma_test = 0.006128 
delta_sigma_train = 0.000007 
delta_sigma_test = 0.000007 
