[Results] 
model_name = 100_500_100_seed1234 
seed = 1234 
psi = -3 
n_pairs = 100000 
n_points = 500000 
batch_size = 10000 
layers = 100_500_100 

n_epochs = 81 
train_time = 2255.691365 
sigma_train = 0.009282 
sigma_test = 0.009631 
delta_sigma_train = 0.000012 
delta_sigma_test = 0.000012 
