[Results] 
model_name = k2 
seed = 1234 
n_pairs = 2000 
n_points = 10000 
batch_size = 10000 
function = f2 
psi = -1.0 
alpha = 0.8 
k = 2 
n_parameters = 225 
loss function = weighted_MSE 

n_epochs = 666 
train_time = 9.59334 
sigma_train = 0.133351 
sigma_test = 0.13869 
delta_sigma_train = 0.00106023 
delta_sigma_test = 0.00110395 
E_train = 0.0290236 
E_test = 0.0314221 
delta_E_train = 0.000440773 
delta_E_test = 0.000490825 
sigma_max_train = 0.666666 
sigma_max_test = 0.758847 
