[Results] 
model_name = 50_50_1 
seed = 1234 
n_pairs = 100000 
n_points = 500000 
batch_size = 5000 
function = f0 
psi = 1.2 
k = 4 
n_parameters = 3800 
loss function = weighted_MAPE 

n_epochs = 150 
train_time = 1759.31 
sigma_train = 0.0155514 
sigma_test = 0.0156954 
delta_sigma_train = 1.94885e-05 
delta_sigma_test = 1.95767e-05 
E_train = 0.000431753 
E_test = 0.000437917 
delta_E_train = 1.28355e-06 
delta_E_test = 1.30507e-06 
sigma_max_train = 0.253113 
sigma_max_test = 0.232858 
