[Results] 
model_name = 100_500_100_1_seed320 
seed = 320 
psi = -3.0 
n_pairs = 100000 
n_points = 500000 
batch_size = 10000 
layers = 100_500_100_1 
loss function = weighted_MAPE 

n_epochs = 351 
train_time = 6570.49 
sigma_train = 0.0120564 
sigma_test = 0.012395 
delta_sigma_train = 1.82331e-05 
delta_sigma_test = 1.89612e-05 
E_train = 0.000311576 
E_test = 0.000333421 
delta_E_train = 1.82331e-05 
delta_E_test = 1.89612e-05 
E_max_train = 0.0155769 
E_max_test = 0.0157423 
