[Results] 
model_name = 100_1000_100_1_seed1234 
seed = 1234 
psi = -6.0 
n_pairs = 100000 
n_points = 500000 
batch_size = 10000 
layers = 100_1000_100_1 
loss function = weighted_MAPE 

n_epochs = 11 
train_time = 241.55 
sigma_train = 2.65819 
sigma_test = 6.28572 
delta_sigma_train = 0.229427 
delta_sigma_test = 0.176582 
E_train = 31470 
E_test = 19108.9 
delta_E_train = 0.229427 
delta_E_test = 0.176582 
E_max_train = 48870.7 
E_max_test = 48953.3 
