[Results] 
model_name = 100_500_100_1_seed320 
seed = 320 
psi = -5.5 
n_pairs = 100000 
n_points = 500000 
batch_size = 10000 
layers = 100_500_100_1 
loss function = weighted_MAPE 

n_epochs = 441 
train_time = 8313.89 
sigma_train = 0.0125631 
sigma_test = 0.0134624 
delta_sigma_train = 3.03549e-05 
delta_sigma_test = 3.47617e-05 
E_train = 0.000618505 
E_test = 0.000785527 
delta_E_train = 3.03549e-05 
delta_E_test = 3.47617e-05 
E_max_train = 0.574365 
E_max_test = 0.547458 
