[Results] 
model_name = 2 
seed = 1234 
n_pairs = 10000 
n_points = 50000 
batch_size = 10000 
function = f2 
psi = 2.0 
alpha = 3.0 
k = 2 
n_parameters = 225 
loss function = weighted_MAPE 

n_epochs = 200 
train_time = 181.842 
sigma_train = 0.189363 
sigma_test = 0.192651 
delta_sigma_train = 0.000686018 
delta_sigma_test = 0.000696775 
E_train = 0.0593949 
E_test = 0.0613912 
delta_E_train = 0.000418144 
delta_E_test = 0.000435501 
sigma_max_train = 1.20595 
sigma_max_test = 1.34689 
