[Results] 
model_name = 3 
seed = 1234 
n_pairs = 10000 
n_points = 50000 
batch_size = 10000 
function = f2 
psi = 2.0 
alpha = 3.0 
k = 3 
n_parameters = 1225 
loss function = weighted_MAPE 

n_epochs = 200 
train_time = 407.855 
sigma_train = 0.0933474 
sigma_test = 0.0990594 
delta_sigma_train = 0.00039892 
delta_sigma_test = 0.000419868 
E_train = 0.0166744 
E_test = 0.0186274 
delta_E_train = 0.000166062 
delta_E_test = 0.000186697 
sigma_max_train = 0.875884 
sigma_max_test = 0.852829 
