[Results] 
model_name = 100_1000_100_1_seed1234 
seed = 1234 
psi = -4.5 
n_pairs = 100000 
n_points = 500000 
batch_size = 10000 
layers = 100_1000_100_1 
loss function = weighted_MAPE 

n_epochs = 471 
train_time = 9114 
sigma_train = 0.016974 
sigma_test = 0.0177891 
delta_sigma_train = 3.60487e-05 
delta_sigma_test = 3.93849e-05 
E_train = 0.00093794 
E_test = 0.00109159 
delta_E_train = 3.60487e-05 
delta_E_test = 3.93849e-05 
E_max_train = 0.0442373 
E_max_test = 0.0544267 
