[Results] 
model_name = 100_1000_100_1_seed1234 
seed = 1234 
psi = -4.5 
n_pairs = 100000 
n_points = 500000 
batch_size = 10000 
layers = 100_1000_100_1 
loss function = weighted_MAPE 

n_epochs = 471 
train_time = 9114 
sigma_train = 0.0169759 
sigma_test = 0.0177854 
delta_sigma_train = 3.60507e-05 
delta_sigma_test = 3.938e-05 
E_train = 0.000937919 
E_test = 0.00109161 
delta_E_train = 3.60507e-05 
delta_E_test = 3.938e-05 
E_max_train = 0.536235 
E_max_test = 0.596123 
