[Results] 
model_name = 100_500_100_seed235 
seed = 235 
psi = -8 
n_pairs = 100000 
n_points = 500000 
batch_size = 10000 
layers = 100_500_100 

n_epochs = 121 
train_time = 3380.305484 
sigma_train = 0.007487 
sigma_test = 0.007776 
delta_sigma_train = 0.000009 
delta_sigma_test = 0.000009 
