[Results] 
model_name = 25 
seed = 1234 
n_pairs = 10000 
n_points = 50000 
batch_size = 10000 
function = f1 
psi = -1.0 
phi = 2.4 
k = 1 
n_parameters = 25 
loss function = weighted_MAPE 

n_epochs = 200 
train_time = 136.877 
sigma_train = 0.362269 
sigma_test = 0.372442 
delta_sigma_train = 0.0015414 
delta_sigma_test = 0.00155976 
E_train = 0.250176 
E_test = 0.26022 
delta_E_train = 0.0015414 
delta_E_test = 0.00155976 
sigma_max_train = 3.79989 
sigma_max_test = 4.08196 
