[Results] 
model_name = 25 
seed = 1234 
n_pairs = 10000 
n_points = 50000 
batch_size = 10000 
function = f2 
psi = 3.0 
alpha = 0.4 
k = 1 
n_parameters = 25 
loss function = weighted_MAPE 

n_epochs = 200 
train_time = 182.462 
sigma_train = 0.371899 
sigma_test = 0.373031 
delta_sigma_train = 0.00155088 
delta_sigma_test = 0.00154777 
E_train = 0.258562 
E_test = 0.258907 
delta_E_train = 0.00306449 
delta_E_test = 0.00305258 
sigma_max_train = 4.35387 
sigma_max_test = 4.42717 
