[Results] 
model_name = 3 
seed = 1234 
n_pairs = 10000 
n_points = 50000 
batch_size = 10000 
function = f2 
psi = -1.0 
alpha = 1.2 
k = 3 
n_parameters = 1225 
loss function = weighted_MAPE 

n_epochs = 200 
train_time = 396.798 
sigma_train = 0.0756226 
sigma_test = 0.0793877 
delta_sigma_train = 0.000320626 
delta_sigma_test = 0.000333457 
E_train = 0.010861 
E_test = 0.0118615 
delta_E_train = 0.000105712 
delta_E_test = 0.00012219 
sigma_max_train = 0.66966 
sigma_max_test = 0.66487 
