[Results] 
model_name = k2 
seed = 1234 
n_pairs = 2000 
n_points = 10000 
batch_size = 10000 
function = f2 
psi = 1.0 
alpha = 0.4 
k = 2 
n_parameters = 225 
loss function = weighted_MSE 

n_epochs = 666 
train_time = 8.20995 
sigma_train = 0.0881755 
sigma_test = 0.089383 
delta_sigma_train = 0.000684406 
delta_sigma_test = 0.000707553 
E_train = 0.012459 
E_test = 0.0129956 
delta_E_train = 0.000202432 
delta_E_test = 0.000208254 
sigma_max_train = 0.593983 
sigma_max_test = 0.522388 
