[Results] 
model_name = 2 
seed = 1234 
n_pairs = 10000 
n_points = 50000 
batch_size = 10000 
function = f2 
psi = 2.0 
alpha = 0.8 
k = 2 
n_parameters = 225 
loss function = weighted_MAPE 

n_epochs = 200 
train_time = 173.817 
sigma_train = 0.135746 
sigma_test = 0.136578 
delta_sigma_train = 0.000490477 
delta_sigma_test = 0.000491146 
E_train = 0.0304608 
E_test = 0.0307171 
delta_E_train = 0.000213461 
delta_E_test = 0.000216806 
sigma_max_train = 0.796928 
sigma_max_test = 0.788898 
