[Results] 
model_name = 3 
seed = 1234 
n_pairs = 10000 
n_points = 50000 
batch_size = 10000 
function = f2 
psi = 2.0 
alpha = 0.8 
k = 3 
n_parameters = 1225 
loss function = weighted_MAPE 

n_epochs = 200 
train_time = 421.819 
sigma_train = 0.0647652 
sigma_test = 0.0668508 
delta_sigma_train = 0.000277559 
delta_sigma_test = 0.000277877 
E_train = 0.00804533 
E_test = 0.0083309 
delta_E_train = 8.0398e-05 
delta_E_test = 8.45703e-05 
sigma_max_train = 0.513214 
sigma_max_test = 0.598855 
