[Results] 
model_name = k2 
seed = 1234 
n_pairs = 2000 
n_points = 10000 
batch_size = 10000 
function = f2 
psi = 3.0 
alpha = 0.8 
k = 2 
n_parameters = 225 
loss function = weighted_MSE 

n_epochs = 666 
train_time = 9.12155 
sigma_train = 0.136996 
sigma_test = 0.141855 
delta_sigma_train = 0.00107985 
delta_sigma_test = 0.00115905 
E_train = 0.0304286 
E_test = 0.0335568 
delta_E_train = 0.000458009 
delta_E_test = 0.0005619 
sigma_max_train = 0.629761 
sigma_max_test = 0.840202 
