[Results] 
model_name = k3 
seed = 1234 
n_pairs = 2000 
n_points = 10000 
batch_size = 10000 
function = f2 
psi = 3.0 
alpha = 0.8 
k = 3 
n_parameters = 1225 
loss function = weighted_MSE 

n_epochs = 666 
train_time = 35.8205 
sigma_train = 0.0681312 
sigma_test = 0.0833954 
delta_sigma_train = 0.000575186 
delta_sigma_test = 0.000752368 
E_train = 0.00795025 
E_test = 0.0126154 
delta_E_train = 0.000141387 
delta_E_test = 0.000282597 
sigma_max_train = 0.390065 
sigma_max_test = 0.637094 
