[Results] 
model_name = 25 
seed = 1234 
n_pairs = 10000 
n_points = 50000 
batch_size = 10000 
function = f2 
psi = 0.0 
alpha = 2.0 
k = 1 
n_parameters = 25 
loss function = weighted_MAPE 

n_epochs = 200 
train_time = 180.599 
sigma_train = 0.390023 
sigma_test = 0.389613 
delta_sigma_train = 0.00142852 
delta_sigma_test = 0.0014391 
E_train = 0.254168 
E_test = 0.255383 
delta_E_train = 0.00226238 
delta_E_test = 0.00232371 
sigma_max_train = 3.47059 
sigma_max_test = 3.72301 
