[Results] 
model_name = 100_500_100_1_seed320 
seed = 320 
psi = -5.5 
n_pairs = 100000 
n_points = 500000 
batch_size = 10000 
layers = 100_500_100_1 
loss function = weighted_MAPE 

n_epochs = 51 
train_time = 1465.88 
sigma_train = 0.565484 
sigma_test = 0.565904 
delta_sigma_train = 0.000694028 
delta_sigma_test = 0.00069395 
E_train = 0.5606 
E_test = 0.561003 
delta_E_train = 0.000694028 
delta_E_test = 0.00069395 
E_max_train = 0.825161 
E_max_test = 0.813165 
