[Results] 
model_name = 2 
seed = 1234 
n_pairs = 10000 
n_points = 50000 
batch_size = 10000 
function = f1 
psi = -2.0 
phi = 3.0 
k = 2 
n_parameters = 225 
loss function = weighted_MAPE 

n_epochs = 200 
train_time = 179.991 
sigma_train = 0.162412 
sigma_test = 0.164346 
delta_sigma_train = 0.000733421 
delta_sigma_test = 0.000741831 
E_train = 0.0532725 
E_test = 0.0545421 
delta_E_train = 0.00092176 
delta_E_test = 0.000938198 
sigma_max_train = 2.58892 
sigma_max_test = 2.62332 
