[Results] 
model_name = 3 
seed = 1234 
n_pairs = 10000 
n_points = 50000 
batch_size = 10000 
function = f1 
psi = -2.0 
phi = 3.0 
k = 3 
n_parameters = 1225 
loss function = weighted_MAPE 

n_epochs = 200 
train_time = 410.314 
sigma_train = 0.118421 
sigma_test = 0.126726 
delta_sigma_train = 0.00069255 
delta_sigma_test = 0.000718873 
E_train = 0.0380039 
E_test = 0.0419005 
delta_E_train = 0.000635229 
delta_E_test = 0.000694798 
sigma_max_train = 2.17724 
sigma_max_test = 2.48748 
