[Results] 
model_name = k2 
seed = 1234 
n_pairs = 2000 
n_points = 10000 
batch_size = 10000 
function = f2 
psi = 0.0 
alpha = 2.4 
k = 2 
n_parameters = 225 
loss function = weighted_MSE 

n_epochs = 666 
train_time = 10.9929 
sigma_train = 0.182933 
sigma_test = 0.19238 
delta_sigma_train = 0.00139517 
delta_sigma_test = 0.00152831 
E_train = 0.0529293 
E_test = 0.0603674 
delta_E_train = 0.000753206 
delta_E_test = 0.000924513 
sigma_max_train = 0.897813 
sigma_max_test = 1.15512 
