[Results] 
model_name = k3 
seed = 1234 
n_pairs = 2000 
n_points = 10000 
batch_size = 10000 
function = f2 
psi = 0.0 
alpha = 2.4 
k = 3 
n_parameters = 1225 
loss function = weighted_MSE 

n_epochs = 666 
train_time = 55.1393 
sigma_train = 0.0785227 
sigma_test = 0.099769 
delta_sigma_train = 0.000631164 
delta_sigma_test = 0.000877243 
E_train = 0.0101495 
E_test = 0.0176494 
delta_E_train = 0.000161252 
delta_E_test = 0.000337433 
sigma_max_train = 0.416563 
sigma_max_test = 0.652612 
