[Results] 
model_name = k4 
seed = 1234 
n_pairs = 2000 
n_points = 10000 
batch_size = 10000 
function = f2 
psi = 0.0 
alpha = 2.4 
k = 4 
n_parameters = 4900 
loss function = weighted_MSE 

n_epochs = 666 
train_time = 1065.06 
sigma_train = 0.017986 
sigma_test = 0.0527781 
delta_sigma_train = 0.000150773 
delta_sigma_test = 0.000514636 
E_train = 0.00055082 
E_test = 0.00543403 
delta_E_train = 9.84561e-06 
delta_E_test = 0.000132125 
sigma_max_train = 0.140296 
sigma_max_test = 0.431733 
