[Results] 
model_name = 2 
seed = 1234 
n_pairs = 10000 
n_points = 50000 
batch_size = 10000 
function = f0 
psi = -0.8 
k = 2 
n_parameters = 225 
loss function = weighted_MAPE 

n_epochs = 200 
train_time = 179.451 
sigma_train = 0.0561381 
sigma_test = 0.0567607 
delta_sigma_train = 0.00019099 
delta_sigma_test = 0.000190496 
E_train = 0.00497542 
E_test = 0.00503612 
delta_E_train = 3.42001e-05 
delta_E_test = 3.42636e-05 
sigma_max_train = 0.441427 
sigma_max_test = 0.476138 
