[Results] 
model_name = 3 
seed = 1234 
n_pairs = 10000 
n_points = 50000 
batch_size = 10000 
function = f0 
psi = -0.8 
k = 3 
n_parameters = 1225 
loss function = weighted_MAPE 

n_epochs = 200 
train_time = 414.654 
sigma_train = 0.0310765 
sigma_test = 0.0327072 
delta_sigma_train = 0.000138766 
delta_sigma_test = 0.000140072 
E_train = 0.00192878 
E_test = 0.00205074 
delta_E_train = 2.40595e-05 
delta_E_test = 2.46556e-05 
sigma_max_train = 0.37632 
sigma_max_test = 0.381588 
