[Results] 
model_name = 25 
seed = 1234 
n_pairs = 10000 
n_points = 50000 
batch_size = 10000 
function = f1 
psi = -1.0 
phi = 2.8 
k = 1 
n_parameters = 25 
loss function = weighted_MAPE 

n_epochs = 200 
train_time = 133.404 
sigma_train = 0.354378 
sigma_test = 0.359745 
delta_sigma_train = 0.00148919 
delta_sigma_test = 0.00150406 
E_train = 0.236536 
E_test = 0.242516 
delta_E_train = 0.0028121 
delta_E_test = 0.00290243 
sigma_max_train = 4.39455 
sigma_max_test = 4.70653 
