[Results] 
model_name = 2 
seed = 1234 
n_pairs = 10000 
n_points = 50000 
batch_size = 10000 
function = f2 
psi = -3.0 
alpha = 2.4 
k = 2 
n_parameters = 225 
loss function = weighted_MAPE 

n_epochs = 200 
train_time = 172.804 
sigma_train = 0.181203 
sigma_test = 0.183826 
delta_sigma_train = 0.000650148 
delta_sigma_test = 0.000658394 
E_train = 0.0539812 
E_test = 0.0554671 
delta_E_train = 0.000372061 
delta_E_test = 0.000386594 
sigma_max_train = 1.15128 
sigma_max_test = 1.23245 
