[Results] 
model_name = k2 
seed = 1234 
n_pairs = 2000 
n_points = 10000 
batch_size = 10000 
function = f2 
psi = -2.0 
alpha = 0.8 
k = 2 
n_parameters = 225 
loss function = weighted_MSE 

n_epochs = 666 
train_time = 9.62341 
sigma_train = 0.135719 
sigma_test = 0.141605 
delta_sigma_train = 0.00108286 
delta_sigma_test = 0.00115595 
E_train = 0.0301454 
E_test = 0.0334142 
delta_E_train = 0.000479443 
delta_E_test = 0.000549682 
sigma_max_train = 0.746366 
sigma_max_test = 0.72321 
