[Results] 
model_name = k3 
seed = 1234 
n_pairs = 2000 
n_points = 10000 
batch_size = 10000 
function = f2 
psi = -2.0 
alpha = 0.8 
k = 3 
n_parameters = 1225 
loss function = weighted_MSE 

n_epochs = 666 
train_time = 36.0542 
sigma_train = 0.0655339 
sigma_test = 0.0818157 
delta_sigma_train = 0.000561628 
delta_sigma_test = 0.000749282 
E_train = 0.00744895 
E_test = 0.012308 
delta_E_train = 0.000146504 
delta_E_test = 0.000275566 
sigma_max_train = 0.436747 
sigma_max_test = 0.622473 
