[Results] 
model_name = 3 
seed = 1234 
n_pairs = 10000 
n_points = 50000 
batch_size = 10000 
function = f1 
psi = 3.0 
phi = 1.6 
k = 3 
n_parameters = 1225 
loss function = weighted_MAPE 

n_epochs = 200 
train_time = 398.812 
sigma_train = 0.0863706 
sigma_test = 0.0913317 
delta_sigma_train = 0.000389008 
delta_sigma_test = 0.000400837 
E_train = 0.0150275 
E_test = 0.0163749 
delta_E_train = 0.000155896 
delta_E_test = 0.000167361 
sigma_max_train = 1.01412 
sigma_max_test = 1.05074 
