[Results] 
model_name = 2 
seed = 1234 
n_pairs = 10000 
n_points = 50000 
batch_size = 10000 
function = f2 
psi = -2.0 
alpha = 2.4 
k = 2 
n_parameters = 225 
loss function = weighted_MAPE 

n_epochs = 200 
train_time = 175.732 
sigma_train = 0.18228 
sigma_test = 0.184867 
delta_sigma_train = 0.000657786 
delta_sigma_test = 0.000663583 
E_train = 0.0548699 
E_test = 0.0561932 
delta_E_train = 0.000381816 
delta_E_test = 0.000393097 
sigma_max_train = 1.17286 
sigma_max_test = 1.23452 
