[Results] 
model_name = 100_500_100_seed1234 
seed = 1234 
psi = -4.5 
n_pairs = 100000 
n_points = 500000 
batch_size = 10000 
layers = 100_500_100 

n_epochs = 191 
train_time = 5286.515817 
sigma_train = 0.010849 
sigma_test = 0.011616 
delta_sigma_train = 0.000028 
delta_sigma_test = 0.000032 
