[Results] 
model_name = 100_200_500_seed320 
seed = 320 
psi = -8 
n_pairs = 100000 
n_points = 500000 
batch_size = 10000 
layers = 100_200_500 

n_epochs = 91 
train_time = 1048.937726 
sigma_train = 0.013225 
sigma_test = 0.013773 
delta_sigma_train = 0.000017 
delta_sigma_test = 0.000018 
