[Results] 
model_name = 100_500_100_1_seed472 
seed = 472 
psi = -5.0 
n_pairs = 100000 
n_points = 500000 
batch_size = 10000 
layers = 100_500_100_1 
loss function = weighted_MAPE 

n_epochs = 521 
train_time = 15282.2 
sigma_train = 0.0166796 
sigma_test = 0.0173983 
delta_sigma_train = 4.96024e-05 
delta_sigma_test = 4.98323e-05 
E_train = 0.00150899 
E_test = 0.00154445 
delta_E_train = 4.96024e-05 
delta_E_test = 4.98323e-05 
E_max_train = 0.520424 
E_max_test = 0.506172 
