[Results] 
model_name = 25 
seed = 1234 
n_pairs = 100000 
n_points = 500000 
batch_size = 5000 
function = f1 
psi = 2.0 
phi = 2.0 
k = 1 
n_parameters = 25 
loss function = weighted_MAPE 

n_epochs = 500 
train_time = 3773.25 
sigma_train = 0.352809 
sigma_test = 0.352381 
delta_sigma_train = 0.000472941 
delta_sigma_test = 0.000473748 
E_train = 0.236338 
E_test = 0.236417 
delta_E_train = 0.000472941 
delta_E_test = 0.000473748 
sigma_max_train = 5.11084 
sigma_max_test = 4.96549 
