[Results] 
model_name = 25 
seed = 1234 
n_pairs = 10000 
n_points = 50000 
batch_size = 10000 
function = f0 
psi = -1.2 
k = 1 
n_parameters = 25 
loss function = weighted_MAPE 

n_epochs = 200 
train_time = 136.121 
sigma_train = 0.368519 
sigma_test = 0.370522 
delta_sigma_train = 0.00158994 
delta_sigma_test = 0.00160692 
E_train = 0.262205 
E_test = 0.266414 
delta_E_train = 0.00158994 
delta_E_test = 0.00160692 
sigma_max_train = 4.34958 
sigma_max_test = 4.58295 
