[Results] 
model_name = 100_500_100_1_seed472 
seed = 472 
psi = -4.0 
n_pairs = 100000 
n_points = 500000 
batch_size = 10000 
layers = 100_500_100_1 
loss function = weighted_MAPE 

n_epochs = 471 
train_time = 13316 
sigma_train = 0.0147013 
sigma_test = 0.0153839 
delta_sigma_train = 2.49593e-05 
delta_sigma_test = 2.66158e-05 
E_train = 0.000527657 
E_test = 0.000590864 
delta_E_train = 2.49593e-05 
delta_E_test = 2.66158e-05 
E_max_train = 0.242163 
E_max_test = 0.267862 
