[Results] 
model_name = 100_500_100_1_seed1729 
seed = 1729 
psi = -0.5 
phi = 0.0 
n_pairs = 100000 
n_points = 500000 
batch_size = 10000 
layers = 100_500_100_1 
loss function = weighted_MSE 

n_epochs = 11 
train_time = 225.959 
sigma_train = 0.865666 
sigma_test = 0.8668 
delta_sigma_train = 0.001274 
delta_sigma_test = 0.0012783 
E_train = 1.56107 
E_test = 1.56858 
delta_E_train = 0.001274 
delta_E_test = 0.0012783 
E_max_train = 15.3318 
E_max_test = 14.9589 
