[Results] 
model_name = 100_500_100_1_seed1729 
seed = 1729 
psi = -0.5 
phi = 0.5 
n_pairs = 100000 
n_points = 500000 
batch_size = 10000 
layers = 100_500_100_1 
loss function = weighted_MAPE 

n_epochs = 11 
train_time = 222.687 
sigma_train = 0.548988 
sigma_test = 0.548406 
delta_sigma_train = 0.000585033 
delta_sigma_test = 0.000584383 
E_train = 0.472496 
E_test = 0.471487 
delta_E_train = 0.000585033 
delta_E_test = 0.000584383 
E_max_train = 4.11645 
E_max_test = 4.11779 
