[Results] 
model_name = k2 
seed = 1234 
n_pairs = 2000 
n_points = 10000 
batch_size = 10000 
function = f2 
psi = 1.0 
alpha = 2.4 
k = 2 
n_parameters = 225 
loss function = weighted_MSE 

n_epochs = 666 
train_time = 10.4769 
sigma_train = 0.184208 
sigma_test = 0.194275 
delta_sigma_train = 0.00141361 
delta_sigma_test = 0.00154645 
E_train = 0.0539155 
E_test = 0.0616578 
delta_E_train = 0.000777253 
delta_E_test = 0.000947758 
sigma_max_train = 0.903671 
sigma_max_test = 1.11442 
