[Results] 
model_name = k3 
seed = 1234 
n_pairs = 2000 
n_points = 10000 
batch_size = 10000 
function = f2 
psi = 1.0 
alpha = 2.4 
k = 3 
n_parameters = 1225 
loss function = weighted_MSE 

n_epochs = 666 
train_time = 51.4533 
sigma_train = 0.079244 
sigma_test = 0.101434 
delta_sigma_train = 0.000636639 
delta_sigma_test = 0.000896685 
E_train = 0.0103327 
E_test = 0.0183293 
delta_E_train = 0.000164891 
delta_E_test = 0.000349233 
sigma_max_train = 0.43946 
sigma_max_test = 0.640159 
