[Results] 
model_name = k4 
seed = 1234 
n_pairs = 2000 
n_points = 10000 
batch_size = 10000 
function = f2 
psi = 1.0 
alpha = 2.4 
k = 4 
n_parameters = 4900 
loss function = weighted_MSE 

n_epochs = 666 
train_time = 1114.08 
sigma_train = 0.0181677 
sigma_test = 0.055045 
delta_sigma_train = 0.000153892 
delta_sigma_test = 0.000539355 
E_train = 0.000566893 
E_test = 0.005939 
delta_E_train = 1.03708e-05 
delta_E_test = 0.000145794 
sigma_max_train = 0.142241 
sigma_max_test = 0.434754 
