[Results] 
model_name = 2 
seed = 1234 
n_pairs = 10000 
n_points = 50000 
batch_size = 10000 
function = f0 
psi = 0.4 
k = 2 
n_parameters = 225 
loss function = weighted_MAPE 

n_epochs = 200 
train_time = 172.3 
sigma_train = 0.053358 
sigma_test = 0.0538434 
delta_sigma_train = 0.000184821 
delta_sigma_test = 0.000184021 
E_train = 0.00455453 
E_test = 0.00459187 
delta_E_train = 3.29989e-05 
delta_E_test = 3.29468e-05 
sigma_max_train = 0.442208 
sigma_max_test = 0.474994 
