[Results] 
model_name = 2 
seed = 1234 
n_pairs = 10000 
n_points = 50000 
batch_size = 10000 
function = f1 
psi = 1.0 
phi = 3.0 
k = 2 
n_parameters = 225 
loss function = weighted_MAPE 

n_epochs = 200 
train_time = 175.823 
sigma_train = 0.147708 
sigma_test = 0.149878 
delta_sigma_train = 0.0007265 
delta_sigma_test = 0.000729604 
E_train = 0.0482077 
E_test = 0.0490698 
delta_E_train = 0.00103466 
delta_E_test = 0.00103916 
sigma_max_train = 2.90045 
sigma_max_test = 2.93389 
