[Results] 
model_name = 3 
seed = 1234 
n_pairs = 10000 
n_points = 50000 
batch_size = 10000 
function = f1 
psi = 1.0 
phi = 3.0 
k = 3 
n_parameters = 1225 
loss function = weighted_MAPE 

n_epochs = 200 
train_time = 391.683 
sigma_train = 0.121746 
sigma_test = 0.129354 
delta_sigma_train = 0.000795286 
delta_sigma_test = 0.000824115 
E_train = 0.0464459 
E_test = 0.0506778 
delta_E_train = 0.000866843 
delta_E_test = 0.000945257 
sigma_max_train = 2.65789 
sigma_max_test = 2.48931 
