[Results] 
model_name = k2 
seed = 1234 
n_pairs = 2000 
n_points = 10000 
batch_size = 10000 
function = f2 
psi = 1.0 
alpha = 0.0 
k = 2 
n_parameters = 225 
loss function = weighted_MSE 

n_epochs = 666 
train_time = 8.04247 
sigma_train = 0.0570654 
sigma_test = 0.0590927 
delta_sigma_train = 0.000433467 
delta_sigma_test = 0.000440081 
E_train = 0.00513539 
E_test = 0.00542866 
delta_E_train = 7.66397e-05 
delta_E_test = 7.7334e-05 
sigma_max_train = 0.440368 
sigma_max_test = 0.415964 
