[Results] 
model_name = k3 
seed = 1234 
n_pairs = 2000 
n_points = 10000 
batch_size = 10000 
function = f2 
psi = 1.0 
alpha = 0.0 
k = 3 
n_parameters = 1225 
loss function = weighted_MSE 

n_epochs = 666 
train_time = 22.4615 
sigma_train = 0.0319143 
sigma_test = 0.037948 
delta_sigma_train = 0.000288119 
delta_sigma_test = 0.000331051 
E_train = 0.00184865 
E_test = 0.002536 
delta_E_train = 4.2719e-05 
delta_E_test = 4.96539e-05 
sigma_max_train = 0.322265 
sigma_max_test = 0.337648 
