[Results] 
model_name = 25 
seed = 1234 
n_pairs = 10000 
n_points = 50000 
batch_size = 10000 
function = f1 
psi = -2.0 
phi = 0.8 
k = 1 
n_parameters = 25 
loss function = weighted_MAPE 

n_epochs = 200 
train_time = 131.058 
sigma_train = 0.370686 
sigma_test = 0.373033 
delta_sigma_train = 0.00158172 
delta_sigma_test = 0.00159482 
E_train = 0.262509 
E_test = 0.266307 
delta_E_train = 0.00158172 
delta_E_test = 0.00159482 
sigma_max_train = 4.20581 
sigma_max_test = 4.37393 
