[Results] 
model_name = 25 
seed = 1234 
n_pairs = 10000 
n_points = 50000 
batch_size = 10000 
function = f1 
psi = -1.0 
phi = 1.6 
k = 1 
n_parameters = 25 
loss function = weighted_MAPE 

n_epochs = 200 
train_time = 134.077 
sigma_train = 0.371551 
sigma_test = 0.3735 
delta_sigma_train = 0.00160296 
delta_sigma_test = 0.00160084 
E_train = 0.26655 
E_test = 0.267656 
delta_E_train = 0.00160296 
delta_E_test = 0.00160084 
sigma_max_train = 4.51473 
sigma_max_test = 4.53318 
