[Results] 
model_name = k2 
seed = 1234 
n_pairs = 2000 
n_points = 10000 
batch_size = 10000 
function = f2 
psi = 0.0 
alpha = 0.4 
k = 2 
n_parameters = 225 
loss function = weighted_MSE 

n_epochs = 666 
train_time = 9.09081 
sigma_train = 0.0851129 
sigma_test = 0.0864494 
delta_sigma_train = 0.000659263 
delta_sigma_test = 0.000667141 
E_train = 0.0115905 
E_test = 0.0119243 
delta_E_train = 0.000171427 
delta_E_test = 0.000176169 
sigma_max_train = 0.45985 
sigma_max_test = 0.463263 
