[Results] 
model_name = 25 
seed = 1234 
n_pairs = 10000 
n_points = 50000 
batch_size = 10000 
function = f1 
psi = 1.0 
phi = -1.0 
k = 1 
n_parameters = 25 
loss function = weighted_MAPE 

n_epochs = 200 
train_time = 135.266 
sigma_train = 0.348956 
sigma_test = 0.350237 
delta_sigma_train = 0.00148649 
delta_sigma_test = 0.00150046 
E_train = 0.232236 
E_test = 0.235244 
delta_E_train = 0.00148649 
delta_E_test = 0.00150046 
sigma_max_train = 4.50979 
sigma_max_test = 4.62745 
