[Results] 
model_name = 100_500_100_1_seed235 
seed = 235 
psi = -4.0 
n_pairs = 100000 
n_points = 500000 
batch_size = 10000 
layers = 100_500_100_1 
loss function = weighted_MAPE 

n_epochs = 81 
train_time = 929.96 
sigma_train = 0.0527555 
sigma_test = 0.0529923 
delta_sigma_train = 8.87877e-05 
delta_sigma_test = 8.91483e-05 
E_train = 0.00672473 
E_test = 0.00678187 
delta_E_train = 8.87877e-05 
delta_E_test = 8.91483e-05 
E_max_train = 0.604487 
E_max_test = 0.591773 
