[Results] 
model_name = 25 
seed = 1234 
n_pairs = 10000 
n_points = 50000 
batch_size = 10000 
function = f0 
psi = -3.6 
k = 1 
n_parameters = 25 
loss function = weighted_MAPE 

n_epochs = 200 
train_time = 128.741 
sigma_train = 0.348226 
sigma_test = 0.351792 
delta_sigma_train = 0.00148536 
delta_sigma_test = 0.00150273 
E_train = 0.231499 
E_test = 0.23666 
delta_E_train = 0.00148536 
delta_E_test = 0.00150273 
sigma_max_train = 3.96345 
sigma_max_test = 4.12625 
