[Results] 
model_name = 2 
seed = 1234 
n_pairs = 10000 
n_points = 50000 
batch_size = 10000 
function = f1 
psi = -2.0 
phi = 1.2 
k = 2 
n_parameters = 225 
loss function = weighted_MAPE 

n_epochs = 200 
train_time = 181.868 
sigma_train = 0.0864267 
sigma_test = 0.0877709 
delta_sigma_train = 0.00032805 
delta_sigma_test = 0.000332148 
E_train = 0.0128504 
E_test = 0.0132192 
delta_E_train = 9.80418e-05 
delta_E_test = 0.000100585 
sigma_max_train = 0.502414 
sigma_max_test = 0.495881 
