[Results] 
model_name = 3 
seed = 1234 
n_pairs = 10000 
n_points = 50000 
batch_size = 10000 
function = f1 
psi = -2.0 
phi = 1.2 
k = 3 
n_parameters = 1225 
loss function = weighted_MAPE 

n_epochs = 200 
train_time = 414.028 
sigma_train = 0.0586247 
sigma_test = 0.061981 
delta_sigma_train = 0.000267078 
delta_sigma_test = 0.000271377 
E_train = 0.00700461 
E_test = 0.00752363 
delta_E_train = 7.20698e-05 
delta_E_test = 7.44721e-05 
sigma_max_train = 0.503398 
sigma_max_test = 0.492624 
