[Results] 
model_name = 3 
seed = 1234 
n_pairs = 10000 
n_points = 50000 
batch_size = 10000 
function = f1 
psi = -2.0 
phi = 0.8 
k = 3 
n_parameters = 1225 
loss function = weighted_MAPE 

n_epochs = 200 
train_time = 414.265 
sigma_train = 0.052401 
sigma_test = 0.0558337 
delta_sigma_train = 0.000230339 
delta_sigma_test = 0.000235325 
E_train = 0.00539823 
E_test = 0.00588688 
delta_E_train = 5.32915e-05 
delta_E_test = 5.5727e-05 
sigma_max_train = 0.380708 
sigma_max_test = 0.386824 
