[Results] 
model_name = 3 
seed = 1234 
n_pairs = 10000 
n_points = 50000 
batch_size = 10000 
function = f2 
psi = 0.0 
alpha = 2.0 
k = 3 
n_parameters = 1225 
loss function = weighted_MAPE 

n_epochs = 200 
train_time = 427.346 
sigma_train = 0.0879208 
sigma_test = 0.0911832 
delta_sigma_train = 0.000377673 
delta_sigma_test = 0.000373992 
E_train = 0.0148615 
E_test = 0.0153104 
delta_E_train = 0.000150895 
delta_E_test = 0.000147429 
sigma_max_train = 0.742901 
sigma_max_test = 0.752453 
