[Results] 
model_name = 100_500_100_seed235 
seed = 235 
psi = -6 
n_pairs = 100000 
n_points = 500000 
batch_size = 10000 
layers = 100_500_100 

n_epochs = 141 
train_time = 3865.569784 
sigma_train = 0.010607 
sigma_test = 0.011050 
delta_sigma_train = 0.000023 
delta_sigma_test = 0.000024 
