[Results] 
model_name = 100_1000_100_1_seed1234 
seed = 1234 
psi = -10.0 
n_pairs = 100000 
n_points = 500000 
batch_size = 10000 
layers = 100_1000_100_1 
loss function = weighted_MAPE 

n_epochs = 201 
train_time = 4086.65 
sigma_train = 0.0121579 
sigma_test = 0.0122795 
delta_sigma_train = 1.64175e-05 
delta_sigma_test = 1.66865e-05 
E_train = 0.000282583 
E_test = 0.000290008 
delta_E_train = 1.64175e-05 
delta_E_test = 1.66865e-05 
E_max_train = 0.135142 
E_max_test = 0.137017 
