[Results] 
model_name = 3 
seed = 1234 
n_pairs = 10000 
n_points = 50000 
batch_size = 10000 
function = f1 
psi = 1.0 
phi = 2.0 
k = 3 
n_parameters = 1225 
loss function = weighted_MAPE 

n_epochs = 200 
train_time = 403.795 
sigma_train = 0.117322 
sigma_test = 0.123045 
delta_sigma_train = 0.000739482 
delta_sigma_test = 0.000763833 
E_train = 0.0411021 
E_test = 0.0443061 
delta_E_train = 0.000703497 
delta_E_test = 0.000756588 
sigma_max_train = 2.0456 
sigma_max_test = 2.12923 
