[Results] 
model_name = 25 
seed = 1234 
n_pairs = 10000 
n_points = 50000 
batch_size = 10000 
function = f1 
psi = -2.0 
phi = 1.0 
k = 1 
n_parameters = 25 
loss function = weighted_MAPE 

n_epochs = 50 
train_time = 35.2132 
sigma_train = 0.403395 
sigma_test = 0.402054 
delta_sigma_train = 0.00176061 
delta_sigma_test = 0.00175963 
E_train = 0.3177 
E_test = 0.316429 
delta_E_train = 0.00176061 
delta_E_test = 0.00175963 
sigma_max_train = 7.04154 
sigma_max_test = 7.73903 
