[Results] 
model_name = 100_500_100_1_seed472 
seed = 472 
psi = -6.0 
n_pairs = 100000 
n_points = 500000 
batch_size = 10000 
layers = 100_500_100_1 
loss function = weighted_MAPE 

n_epochs = 241 
train_time = 6836.66 
sigma_train = 0.0192817 
sigma_test = 0.0199359 
delta_sigma_train = 4.00082e-05 
delta_sigma_test = 4.23369e-05 
E_train = 0.00117215 
E_test = 0.00129352 
delta_E_train = 4.00082e-05 
delta_E_test = 4.23369e-05 
E_max_train = 0.369202 
E_max_test = 0.384115 
