[Results] 
model_name = 3 
seed = 1234 
n_pairs = 10000 
n_points = 50000 
batch_size = 10000 
function = f2 
psi = 2.0 
alpha = 2.8 
k = 3 
n_parameters = 1225 
loss function = weighted_MAPE 

n_epochs = 200 
train_time = 407.147 
sigma_train = 0.0935748 
sigma_test = 0.0988879 
delta_sigma_train = 0.000399698 
delta_sigma_test = 0.000418896 
E_train = 0.0167441 
E_test = 0.0185513 
delta_E_train = 0.000163118 
delta_E_test = 0.000188931 
sigma_max_train = 0.870493 
sigma_max_test = 0.82162 
