[Results] 
model_name = k2 
seed = 1234 
n_pairs = 10000 
n_points = 50000 
batch_size = 2000 
function = f0 
psi = 0.0 
k = 2 
n_parameters = 225 
loss function = weighted_MAPE 

n_epochs = 400 
train_time = 950.228 
sigma_train = 0.0524132 
sigma_test = 0.0529823 
delta_sigma_train = 0.000183389 
delta_sigma_test = 0.000182292 
E_train = 0.00442821 
E_test = 0.00447062 
delta_E_train = 3.25421e-05 
delta_E_test = 3.25298e-05 
sigma_max_train = 0.439638 
sigma_max_test = 0.4736 
