[Results] 
model_name = k3 
seed = 1234 
n_pairs = 10000 
n_points = 50000 
batch_size = 2000 
function = f0 
psi = 0.0 
k = 3 
n_parameters = 1225 
loss function = weighted_MAPE 

n_epochs = 400 
train_time = 1437.78 
sigma_train = 0.0261767 
sigma_test = 0.0274203 
delta_sigma_train = 0.00012651 
delta_sigma_test = 0.000127961 
E_train = 0.00148519 
E_test = 0.0015704 
delta_E_train = 2.37868e-05 
delta_E_test = 2.43137e-05 
sigma_max_train = 0.379448 
sigma_max_test = 0.386493 
