[Results] 
model_name = k4 
seed = 1234 
n_pairs = 10000 
n_points = 50000 
batch_size = 2000 
function = f0 
psi = 0.0 
k = 4 
n_parameters = 4900 
loss function = weighted_MAPE 

n_epochs = 400 
train_time = 3479.22 
sigma_train = 0.00610678 
sigma_test = 0.00677198 
delta_sigma_train = 3.13107e-05 
delta_sigma_test = 3.22933e-05 
E_train = 8.62947e-05 
E_test = 9.79582e-05 
delta_E_train = 2.36051e-06 
delta_E_test = 2.40572e-06 
sigma_max_train = 0.203697 
sigma_max_test = 0.237569 
