[Results] 
model_name = 25 
seed = 1234 
n_pairs = 10000 
n_points = 50000 
batch_size = 10000 
function = f0 
psi = 0.8 
k = 1 
n_parameters = 25 
loss function = weighted_MAPE 

n_epochs = 200 
train_time = 135.157 
sigma_train = 0.370112 
sigma_test = 0.371951 
delta_sigma_train = 0.00159741 
delta_sigma_test = 0.00161361 
E_train = 0.264611 
E_test = 0.26848 
delta_E_train = 0.00159741 
delta_E_test = 0.00161361 
sigma_max_train = 4.35632 
sigma_max_test = 4.59652 
