[Results] 
model_name = 100_500_100_seed1234 
seed = 1234 
psi = -0.01 
n_pairs = 100000 
n_points = 500000 
batch_size = 10000 
layers = 100_500_100 

n_epochs = 31 
train_time = 886.614949 
sigma_train = 0.005735 
sigma_test = 0.005770 
delta_sigma_train = 0.000006 
delta_sigma_test = 0.000006 
