[Results] 
model_name = 100_200_500_seed1234 
seed = 1234 
psi = -4.5 
n_pairs = 100000 
n_points = 500000 
batch_size = 10000 
layers = 100_200_500 

n_epochs = 151 
train_time = 1780.301256 
sigma_train = 0.016486 
sigma_test = 0.017500 
delta_sigma_train = 0.000038 
delta_sigma_test = 0.000042 
