[Results] 
model_name = 100_500_100_seed235 
seed = 235 
psi = -4.5 
n_pairs = 100000 
n_points = 500000 
batch_size = 10000 
layers = 100_500_100 

n_epochs = 121 
train_time = 3346.355722 
sigma_train = 0.011797 
sigma_test = 0.012589 
delta_sigma_train = 0.000031 
delta_sigma_test = 0.000034 
