[Results] 
model_name = 25 
seed = 1234 
n_pairs = 100000 
n_points = 500000 
batch_size = 5000 
function = f1 
psi = -1.0 
phi = -1.0 
k = 1 
n_parameters = 25 
loss function = weighted_MAPE 

n_epochs = 500 
train_time = 3851.32 
sigma_train = 0.349948 
sigma_test = 0.351013 
delta_sigma_train = 0.000473996 
delta_sigma_test = 0.000475439 
E_train = 0.234816 
E_test = 0.236243 
delta_E_train = 0.000473996 
delta_E_test = 0.000475439 
sigma_max_train = 4.9134 
sigma_max_test = 4.8948 
