[Results] 
model_name = 100_500_100_1_seed472 
seed = 472 
psi = -10.0 
n_pairs = 100000 
n_points = 500000 
batch_size = 10000 
layers = 100_500_100_1 
loss function = weighted_MAPE 

n_epochs = 21 
train_time = 668.015 
sigma_train = 0.543438 
sigma_test = 0.543721 
delta_sigma_train = 0.00111623 
delta_sigma_test = 0.000930028 
E_train = 0.912827 
E_test = 0.726637 
delta_E_train = 0.00111623 
delta_E_test = 0.000930028 
E_max_train = 27.981 
E_max_test = 23.3153 
