[Results] 
model_name = k2 
seed = 1234 
n_pairs = 2000 
n_points = 10000 
batch_size = 10000 
function = f2 
psi = -2.0 
alpha = 2.4 
k = 2 
n_parameters = 225 
loss function = weighted_MSE 

n_epochs = 666 
train_time = 10.7598 
sigma_train = 0.182104 
sigma_test = 0.1882 
delta_sigma_train = 0.00139186 
delta_sigma_test = 0.00148113 
E_train = 0.0525347 
E_test = 0.0573569 
delta_E_train = 0.000751963 
delta_E_test = 0.000867259 
sigma_max_train = 0.892747 
sigma_max_test = 1.19318 
