[Results] 
model_name = k3 
seed = 1234 
n_pairs = 2000 
n_points = 10000 
batch_size = 10000 
function = f2 
psi = -2.0 
alpha = 2.4 
k = 3 
n_parameters = 1225 
loss function = weighted_MSE 

n_epochs = 666 
train_time = 53.591 
sigma_train = 0.0785711 
sigma_test = 0.0969079 
delta_sigma_train = 0.000635107 
delta_sigma_test = 0.000838875 
E_train = 0.010207 
E_test = 0.0164283 
delta_E_train = 0.000170399 
delta_E_test = 0.000319518 
sigma_max_train = 0.504812 
sigma_max_test = 0.712922 
