[Results] 
model_name = 2 
seed = 1234 
n_pairs = 10000 
n_points = 50000 
batch_size = 10000 
function = f1 
psi = 3.0 
phi = 2.8 
k = 2 
n_parameters = 225 
loss function = weighted_MAPE 

n_epochs = 200 
train_time = 186.762 
sigma_train = 0.17206 
sigma_test = 0.176906 
delta_sigma_train = 0.000828163 
delta_sigma_test = 0.000834109 
E_train = 0.0638833 
E_test = 0.0660776 
delta_E_train = 0.00127498 
delta_E_test = 0.00127292 
sigma_max_train = 3.32036 
sigma_max_test = 3.36567 
