[Results] 
model_name = k2 
seed = 1234 
n_pairs = 2000 
n_points = 10000 
batch_size = 10000 
function = f2 
psi = -1.0 
alpha = 3.0 
k = 2 
n_parameters = 225 
loss function = weighted_MSE 

n_epochs = 666 
train_time = 8.59634 
sigma_train = 0.185291 
sigma_test = 0.191345 
delta_sigma_train = 0.00143121 
delta_sigma_test = 0.00150888 
E_train = 0.0548164 
E_test = 0.0593801 
delta_E_train = 0.000790712 
delta_E_test = 0.000898667 
sigma_max_train = 0.908463 
sigma_max_test = 1.02313 
