[Results] 
model_name = 100_500_100_1_seed320 
seed = 320 
psi = -4.0 
n_pairs = 100000 
n_points = 500000 
batch_size = 10000 
layers = 100_500_100_1 
loss function = weighted_MAPE 

n_epochs = 431 
train_time = 8103.85 
sigma_train = 0.0136262 
sigma_test = 0.0142839 
delta_sigma_train = 2.69912e-05 
delta_sigma_test = 2.86633e-05 
E_train = 0.000549796 
E_test = 0.000614817 
delta_E_train = 2.69912e-05 
delta_E_test = 2.86633e-05 
E_max_train = 0.0272456 
E_max_test = 0.0295357 
