[Results] 
model_name = 100_500_100_1_seed1234 
seed = 1234 
psi = -6.0 
n_pairs = 100000 
n_points = 500000 
batch_size = 10000 
layers = 100_500_100_1 
loss function = weighted_MAPE 

n_epochs = 111 
train_time = 2077.82 
sigma_train = 0.0558973 
sigma_test = 0.056714 
delta_sigma_train = 9.29055e-05 
delta_sigma_test = 9.51332e-05 
E_train = 0.00744006 
E_test = 0.00774156 
delta_E_train = 9.29055e-05 
delta_E_test = 9.51332e-05 
E_max_train = 0.719849 
E_max_test = 0.801181 
