[Results] 
model_name = 25 
seed = 1234 
n_pairs = 10000 
n_points = 50000 
batch_size = 10000 
function = f1 
psi = 2.0 
phi = -1.0 
k = 1 
n_parameters = 25 
loss function = weighted_MAPE 

n_epochs = 200 
train_time = 138.055 
sigma_train = 0.346575 
sigma_test = 0.34837 
delta_sigma_train = 0.00146876 
delta_sigma_test = 0.00148385 
E_train = 0.228027 
E_test = 0.23144 
delta_E_train = 0.00146876 
delta_E_test = 0.00148385 
sigma_max_train = 4.46676 
sigma_max_test = 4.56117 
