[Results] 
model_name = 100_200_500_seed320 
seed = 320 
psi = -5.5 
n_pairs = 100000 
n_points = 500000 
batch_size = 10000 
layers = 100_200_500 

n_epochs = 141 
train_time = 1656.674104 
sigma_train = 0.017113 
sigma_test = 0.018275 
delta_sigma_train = 0.000038 
delta_sigma_test = 0.000043 
