[Results] 
model_name = 3 
seed = 1234 
n_pairs = 10000 
n_points = 50000 
batch_size = 10000 
function = f0 
psi = -2.4 
k = 3 
n_parameters = 1225 
loss function = weighted_MAPE 

n_epochs = 200 
train_time = 407.246 
sigma_train = 0.0549883 
sigma_test = 0.0580479 
delta_sigma_train = 0.000242041 
delta_sigma_test = 0.000245649 
E_train = 0.00595077 
E_test = 0.00638709 
delta_E_train = 5.72534e-05 
delta_E_test = 5.94654e-05 
sigma_max_train = 0.373454 
sigma_max_test = 0.383761 
