[Results] 
model_name = 25 
seed = 1234 
n_pairs = 10000 
n_points = 50000 
batch_size = 10000 
function = f2 
psi = -1.0 
alpha = 3.0 
k = 1 
n_parameters = 25 
loss function = weighted_MAPE 

n_epochs = 200 
train_time = 182.238 
sigma_train = 0.365852 
sigma_test = 0.370008 
delta_sigma_train = 0.00131438 
delta_sigma_test = 0.00133905 
E_train = 0.220248 
E_test = 0.226517 
delta_E_train = 0.00182609 
delta_E_test = 0.00191004 
sigma_max_train = 3.33205 
sigma_max_test = 3.3501 
