[Results] 
model_name = 100_500_100_seed1234 
seed = 1234 
psi = -5.5 
n_pairs = 100000 
n_points = 500000 
batch_size = 10000 
layers = 100_500_100 

n_epochs = 111 
train_time = 3103.644498 
sigma_train = 0.012114 
sigma_test = 0.013065 
delta_sigma_train = 0.000032 
delta_sigma_test = 0.000036 
