[Results] 
model_name = 100_1000_100_1_seed1234 
seed = 1234 
psi = 0.01 
n_pairs = 100000 
n_points = 500000 
batch_size = 10000 
layers = 100_1000_100_1 
loss function = weighted_MAPE 

n_epochs = 81 
train_time = 1772.59 
sigma_train = 0.00269061 
sigma_test = 0.00270837 
delta_sigma_train = 2.90943e-06 
delta_sigma_test = 2.92871e-06 
E_train = 1.14722e-05 
E_test = 1.16243e-05 
delta_E_train = 2.90943e-06 
delta_E_test = 2.92871e-06 
E_max_train = 0.0388256 
E_max_test = 0.047207 
