[Results] 
model_name = 25 
seed = 1234 
n_pairs = 10000 
n_points = 50000 
batch_size = 10000 
function = f2 
psi = -2.0 
alpha = 2.0 
k = 1 
n_parameters = 25 
loss function = weighted_MAPE 

n_epochs = 200 
train_time = 194.868 
sigma_train = 0.376958 
sigma_test = 0.378032 
delta_sigma_train = 0.00138198 
delta_sigma_test = 0.00139339 
E_train = 0.237588 
E_test = 0.23998 
delta_E_train = 0.00211519 
delta_E_test = 0.00216907 
sigma_max_train = 3.50531 
sigma_max_test = 3.57476 
