[Results] 
model_name = 25 
seed = 1234 
n_pairs = 10000 
n_points = 50000 
batch_size = 10000 
function = f1 
psi = 3.0 
phi = 2.8 
k = 1 
n_parameters = 25 
loss function = weighted_MAPE 

n_epochs = 200 
train_time = 185.397 
sigma_train = 0.313743 
sigma_test = 0.313805 
delta_sigma_train = 0.00125833 
delta_sigma_test = 0.00125679 
E_train = 0.177602 
E_test = 0.177437 
delta_E_train = 0.00212435 
delta_E_test = 0.00212158 
sigma_max_train = 5.74311 
sigma_max_test = 6.06515 
