[Results] 
model_name = 2 
seed = 1234 
n_pairs = 10000 
n_points = 50000 
batch_size = 10000 
function = f1 
psi = 0.0 
phi = 0.8 
k = 2 
n_parameters = 225 
loss function = weighted_MAPE 

n_epochs = 200 
train_time = 173.885 
sigma_train = 0.0622487 
sigma_test = 0.0627042 
delta_sigma_train = 0.000215138 
delta_sigma_test = 0.000214806 
E_train = 0.00618914 
E_test = 0.00623868 
delta_E_train = 4.15991e-05 
delta_E_test = 4.17268e-05 
sigma_max_train = 0.464061 
sigma_max_test = 0.4612 
