[Results] 
model_name = 100_500_100_1_seed320 
seed = 320 
psi = -6.0 
n_pairs = 100000 
n_points = 500000 
batch_size = 10000 
layers = 100_500_100_1 
loss function = weighted_MAPE 

n_epochs = 141 
train_time = 1546.44 
sigma_train = 0.0561703 
sigma_test = 0.0569112 
delta_sigma_train = 9.30866e-05 
delta_sigma_test = 9.52539e-05 
E_train = 0.00748768 
E_test = 0.00777579 
delta_E_train = 9.30866e-05 
delta_E_test = 9.52539e-05 
E_max_train = 0.637464 
E_max_test = 0.626705 
