[Results] 
model_name = 100_1000_100_1_seed1234 
seed = 1234 
psi = -2.0 
n_pairs = 100000 
n_points = 500000 
batch_size = 10000 
layers = 100_1000_100_1 
loss function = weighted_MAPE 

n_epochs = 21 
train_time = 438.834 
sigma_train = 2.00188 
sigma_test = 2.01005 
delta_sigma_train = 0.138348 
delta_sigma_test = 0.138579 
E_train = 9529.88 
E_test = 10092.2 
delta_E_train = 0.138348 
delta_E_test = 0.138579 
E_max_train = 599.302 
E_max_test = 590.254 
