[Results] 
model_name = 100_500_100_1_seed235 
seed = 235 
psi = -6.0 
n_pairs = 100000 
n_points = 500000 
batch_size = 10000 
layers = 100_500_100_1 
loss function = weighted_MAPE 

n_epochs = 151 
train_time = 1700.52 
sigma_train = 0.101134 
sigma_test = 0.101248 
delta_sigma_train = 0.000142825 
delta_sigma_test = 0.000142591 
E_train = 0.0204274 
E_test = 0.0204181 
delta_E_train = 0.000142825 
delta_E_test = 0.000142591 
E_max_train = 0.778603 
E_max_test = 0.786489 
