[Results] 
model_name = 2 
seed = 1234 
n_pairs = 10000 
n_points = 50000 
batch_size = 10000 
function = f2 
psi = 1.0 
alpha = 2.0 
k = 2 
n_parameters = 225 
loss function = weighted_MAPE 

n_epochs = 200 
train_time = 187.757 
sigma_train = 0.18549 
sigma_test = 0.186526 
delta_sigma_train = 0.000675358 
delta_sigma_test = 0.000674056 
E_train = 0.0572122 
E_test = 0.0575149 
delta_E_train = 0.000406672 
delta_E_test = 0.000406298 
sigma_max_train = 1.25858 
sigma_max_test = 1.26936 
