[Results] 
model_name = 3 
seed = 1234 
n_pairs = 10000 
n_points = 50000 
batch_size = 10000 
function = f2 
psi = 1.0 
alpha = 2.0 
k = 3 
n_parameters = 1225 
loss function = weighted_MAPE 

n_epochs = 200 
train_time = 401.914 
sigma_train = 0.0893478 
sigma_test = 0.0928829 
delta_sigma_train = 0.000381979 
delta_sigma_test = 0.000382795 
E_train = 0.0152817 
E_test = 0.0159564 
delta_E_train = 0.000149041 
delta_E_test = 0.000152934 
sigma_max_train = 0.739288 
sigma_max_test = 0.778621 
