[Results] 
model_name = k3 
seed = 1234 
n_pairs = 2000 
n_points = 10000 
batch_size = 10000 
function = f1 
psi = 1.0 
phi = 2.4 
k = 3 
n_parameters = 1225 
loss function = weighted_MSE 

n_epochs = 666 
train_time = 445.935 
sigma_train = 0.0341706 
sigma_test = 0.109536 
delta_sigma_train = 0.000354307 
delta_sigma_test = 0.00131853 
E_train = 0.00242296 
E_test = 0.0293833 
delta_E_train = 5.1476e-05 
delta_E_test = 0.000875601 
sigma_max_train = 0.454417 
sigma_max_test = 0.816629 
