[Results] 
model_name = 25 
seed = 1234 
n_pairs = 10000 
n_points = 50000 
batch_size = 10000 
function = f2 
psi = 3.0 
alpha = 1.6 
k = 1 
n_parameters = 25 
loss function = weighted_MAPE 

n_epochs = 200 
train_time = 181.838 
sigma_train = 0.414186 
sigma_test = 0.410301 
delta_sigma_train = 0.00152925 
delta_sigma_test = 0.00153124 
E_train = 0.288422 
E_test = 0.285578 
delta_E_train = 0.00266446 
delta_E_test = 0.0027054 
sigma_max_train = 4.07406 
sigma_max_test = 4.64878 
