[Results] 
model_name = k2 
seed = 1234 
n_pairs = 2000 
n_points = 10000 
batch_size = 10000 
function = f2 
psi = 3.0 
alpha = 0.4 
k = 2 
n_parameters = 225 
loss function = weighted_MSE 

n_epochs = 666 
train_time = 8.45937 
sigma_train = 0.10214 
sigma_test = 0.104775 
delta_sigma_train = 0.000834622 
delta_sigma_test = 0.000873878 
E_train = 0.0173986 
E_test = 0.0186145 
delta_E_train = 0.000283772 
delta_E_test = 0.000324713 
sigma_max_train = 0.546297 
sigma_max_test = 0.656874 
