[Results] 
model_name = 2 
seed = 1234 
n_pairs = 10000 
n_points = 50000 
batch_size = 10000 
function = f0 
psi = 1.6 
k = 2 
n_parameters = 225 
loss function = weighted_MAPE 

n_epochs = 200 
train_time = 172.898 
sigma_train = 0.0638657 
sigma_test = 0.064359 
delta_sigma_train = 0.000222293 
delta_sigma_test = 0.000221162 
E_train = 0.00654972 
E_test = 0.00658789 
delta_E_train = 4.3675e-05 
delta_E_test = 4.38087e-05 
sigma_max_train = 0.444721 
sigma_max_test = 0.480827 
