[Results] 
model_name = 3 
seed = 1234 
n_pairs = 10000 
n_points = 50000 
batch_size = 10000 
function = f0 
psi = 1.6 
k = 3 
n_parameters = 1225 
loss function = weighted_MAPE 

n_epochs = 200 
train_time = 417.281 
sigma_train = 0.04178 
sigma_test = 0.043629 
delta_sigma_train = 0.000176069 
delta_sigma_test = 0.000177398 
E_train = 0.00329573 
E_test = 0.00347759 
delta_E_train = 2.98723e-05 
delta_E_test = 3.084e-05 
sigma_max_train = 0.363162 
sigma_max_test = 0.371547 
