[Results] 
model_name = 25 
seed = 1234 
n_pairs = 10000 
n_points = 50000 
batch_size = 10000 
function = f2 
psi = 3.0 
alpha = 2.8 
k = 1 
n_parameters = 25 
loss function = weighted_MAPE 

n_epochs = 200 
train_time = 190.694 
sigma_train = 0.382459 
sigma_test = 0.38454 
delta_sigma_train = 0.00137283 
delta_sigma_test = 0.00138832 
E_train = 0.240507 
E_test = 0.244227 
delta_E_train = 0.00198568 
delta_E_test = 0.0020642 
sigma_max_train = 3.34535 
sigma_max_test = 3.50465 
