[Results] 
model_name = 25 
seed = 1234 
n_pairs = 10000 
n_points = 50000 
batch_size = 10000 
function = f2 
psi = -1.0 
alpha = 1.2 
k = 1 
n_parameters = 25 
loss function = weighted_MAPE 

n_epochs = 200 
train_time = 182.222 
sigma_train = 0.401194 
sigma_test = 0.403621 
delta_sigma_train = 0.00155242 
delta_sigma_test = 0.00155677 
E_train = 0.281473 
E_test = 0.284029 
delta_E_train = 0.00285457 
delta_E_test = 0.0028947 
sigma_max_train = 4.23654 
sigma_max_test = 4.42601 
