[Results] 
model_name = 25 
seed = 1234 
n_pairs = 100000 
n_points = 500000 
batch_size = 5000 
function = f0 
psi = 2.0 
k = 1 
n_parameters = 25 
loss function = weighted_MAPE 

n_epochs = 2 
train_time = 16.9622 
sigma_train = 0.365721 
sigma_test = 0.366105 
delta_sigma_train = 0.00049801 
delta_sigma_test = 0.000499631 
E_train = 0.257768 
E_test = 0.258831 
delta_E_train = 0.00049801 
delta_E_test = 0.000499631 
sigma_max_train = 4.44501 
sigma_max_test = 4.40317 
