[Results] 
model_name = 25 
seed = 1234 
n_pairs = 100000 
n_points = 500000 
batch_size = 5000 
function = f0 
psi = 2.0 
k = 1 
n_parameters = 25 
loss function = weighted_MAPE 

n_epochs = 2 
train_time = 18.5693 
sigma_train = 1.99582 
sigma_test = 1.99636 
delta_sigma_train = 0.094216 
delta_sigma_test = 0.0985749 
E_train = 4671.27 
E_test = 5069.44 
delta_E_train = 0.094216 
delta_E_test = 0.0985749 
sigma_max_train = 21665.8 
sigma_max_test = 19602.1 
