[Results] 
model_name = 25 
seed = 1234 
n_pairs = 100000 
n_points = 500000 
batch_size = 5000 
function = f1 
psi = 0.0 
phi = 2.0 
k = 1 
n_parameters = 25 
loss function = weighted_MAPE 

n_epochs = 500 
train_time = 3870.43 
sigma_train = 0.372145 
sigma_test = 0.372603 
delta_sigma_train = 0.000508124 
delta_sigma_test = 0.000510742 
E_train = 0.267567 
E_test = 0.269267 
delta_E_train = 0.000508124 
delta_E_test = 0.000510742 
sigma_max_train = 4.72555 
sigma_max_test = 4.51065 
