[Results] 
model_name = 100_500_100_1_seed1234 
seed = 1234 
psi = -5.0 
n_pairs = 100000 
n_points = 500000 
batch_size = 10000 
layers = 100_500_100_1 
loss function = weighted_MAPE 

n_epochs = 11 
train_time = 225.918 
sigma_train = 2.00894 
sigma_test = 2.03209 
delta_sigma_train = 0.122426 
delta_sigma_test = 0.110104 
E_train = 9926.73 
E_test = 6862.56 
delta_E_train = 0.122426 
delta_E_test = 0.110104 
E_max_train = 19468 
E_max_test = 19477.8 
