[Results] 
model_name = 2 
seed = 1234 
n_pairs = 10000 
n_points = 50000 
batch_size = 10000 
function = f0 
psi = 3.0 
k = 2 
n_parameters = 225 
loss function = weighted_MAPE 

n_epochs = 200 
train_time = 177.943 
sigma_train = 0.0790827 
sigma_test = 0.0801151 
delta_sigma_train = 0.000306699 
delta_sigma_test = 0.000307692 
E_train = 0.0109574 
E_test = 0.0111534 
delta_E_train = 8.09248e-05 
delta_E_test = 8.28408e-05 
sigma_max_train = 0.452714 
sigma_max_test = 0.487159 
