[Results] 
model_name = 100_500_100_1_seed1234 
seed = 1234 
psi = -4.0 
n_pairs = 100000 
n_points = 500000 
batch_size = 10000 
layers = 100_500_100_1 
loss function = weighted_MAPE 

n_epochs = 231 
train_time = 4326.44 
sigma_train = 0.0558084 
sigma_test = 0.0562352 
delta_sigma_train = 9.73493e-05 
delta_sigma_test = 9.82265e-05 
E_train = 0.00785338 
E_test = 0.00798654 
delta_E_train = 9.73493e-05 
delta_E_test = 9.82265e-05 
E_max_train = 0.648167 
E_max_test = 0.649177 
