[Results] 
model_name = 25 
seed = 1234 
n_pairs = 10000 
n_points = 50000 
batch_size = 10000 
function = f1 
psi = 2.0 
phi = 0.8 
k = 1 
n_parameters = 25 
loss function = weighted_MAPE 

n_epochs = 200 
train_time = 128.321 
sigma_train = 0.370252 
sigma_test = 0.372815 
delta_sigma_train = 0.00158202 
delta_sigma_test = 0.00159484 
E_train = 0.262278 
E_test = 0.266179 
delta_E_train = 0.00331504 
delta_E_test = 0.00333776 
sigma_max_train = 4.27481 
sigma_max_test = 4.41678 
