[Results] 
model_name = 100_500_100_1_seed1234 
seed = 1234 
psi = -2.0 
n_pairs = 100000 
n_points = 500000 
batch_size = 10000 
layers = 100_500_100_1 
loss function = weighted_MAPE 

n_epochs = 471 
train_time = 9110.25 
sigma_train = 0.00510222 
sigma_test = 0.00520698 
delta_sigma_train = 6.54997e-06 
delta_sigma_test = 6.75559e-06 
E_train = 4.74817e-05 
E_test = 4.99323e-05 
delta_E_train = 6.54997e-06 
delta_E_test = 6.75559e-06 
E_max_train = 0.00599551 
E_max_test = 0.00606521 
