[Results] 
model_name = 100_500_100_1_seed235 
seed = 235 
psi = -10.0 
n_pairs = 100000 
n_points = 500000 
batch_size = 10000 
layers = 100_500_100_1 
loss function = weighted_MAPE 

n_epochs = 81 
train_time = 915.442 
sigma_train = 0.0370625 
sigma_test = 0.0372222 
delta_sigma_train = 5.13722e-05 
delta_sigma_test = 5.13673e-05 
E_train = 0.00269331 
E_test = 0.00270489 
delta_E_train = 5.13722e-05 
delta_E_test = 5.13673e-05 
E_max_train = 0.287676 
E_max_test = 0.288262 
