[Results] 
model_name = k2 
seed = 1234 
n_pairs = 2000 
n_points = 10000 
batch_size = 10000 
function = f1 
psi = 2.0 
phi = 1.2 
k = 2 
n_parameters = 225 
loss function = weighted_MSE 

n_epochs = 666 
train_time = 10.4421 
sigma_train = 0.0788903 
sigma_test = 0.0835617 
delta_sigma_train = 0.000636963 
delta_sigma_test = 0.000667293 
E_train = 0.0102809 
E_test = 0.0114354 
delta_E_train = 0.000158852 
delta_E_test = 0.000173109 
sigma_max_train = 0.433817 
sigma_max_test = 0.475778 
