[Results] 
model_name = k3 
seed = 1234 
n_pairs = 2000 
n_points = 10000 
batch_size = 10000 
function = f1 
psi = 2.0 
phi = 1.2 
k = 3 
n_parameters = 1225 
loss function = weighted_MSE 

n_epochs = 666 
train_time = 53.5628 
sigma_train = 0.0506481 
sigma_test = 0.0621636 
delta_sigma_train = 0.000432571 
delta_sigma_test = 0.000533917 
E_train = 0.00443641 
E_test = 0.00671499 
delta_E_train = 7.85472e-05 
delta_E_test = 0.000115882 
sigma_max_train = 0.390421 
sigma_max_test = 0.384028 
