[Results] 
model_name = k2 
seed = 1234 
n_pairs = 2000 
n_points = 10000 
batch_size = 10000 
function = f2 
psi = 1.0 
alpha = 3.0 
k = 2 
n_parameters = 225 
loss function = weighted_MSE 

n_epochs = 666 
train_time = 9.35428 
sigma_train = 0.187037 
sigma_test = 0.193624 
delta_sigma_train = 0.00145168 
delta_sigma_test = 0.00154056 
E_train = 0.0560566 
E_test = 0.0612234 
delta_E_train = 0.000823123 
delta_E_test = 0.000940585 
sigma_max_train = 0.891282 
sigma_max_test = 0.945855 
