psi= <bound method MPContext.psi of <mpmath.ctx_mp.MPContext object at 0x7fcbaee18390>>
k= 2
n_points= 10000
seed= 234
rate= 10.0 n_epochs= 10000
train= 0.0553156
test= 0.05560982
delta_sigma_train= 0.00019008105104274068
delta_sigma_test= 0.00019076378564895352
