psi= <bound method MPContext.psi of <mpmath.ctx_mp.MPContext object at 0x7f4f73286390>>
k= 3
n_points= 10000
seed= 123
rate= 10.0 n_epochs= 10000
train= 0.038994882
test= 0.038953844
delta_sigma_train= 0.00016380689214148057
delta_sigma_test= 0.00016437862939100347
