psi= <bound method MPContext.psi of <mpmath.ctx_mp.MPContext object at 0x7fe1b938b390>>
k= 4
n_points= 10000
seed= 234
rate= 10.0 n_epochs= 10000
train= 0.024705537
test= 0.024170967
delta_sigma_train= 8.247440771926118e-05
delta_sigma_test= 8.158685237186553e-05
