psi= <bound method MPContext.psi of <mpmath.ctx_mp.MPContext object at 0x7f226551d390>>
k= 8
n_points= 10000
seed= 123
rate= 10.0 n_epochs= 10000
train= 0.013562259
test= 0.058313087
delta_sigma_train= 0.00011169453917938252
delta_sigma_test= 0.0002212660476184066
