[Results] 
model_name = k2 
seed = 1234 
n_pairs = 2000 
n_points = 10000 
batch_size = 10000 
function = f2 
psi = -2.0 
alpha = 1.6 
k = 2 
n_parameters = 225 
loss function = weighted_MSE 

n_epochs = 666 
train_time = 9.87332 
sigma_train = 0.168869 
sigma_test = 0.174879 
delta_sigma_train = 0.00131755 
delta_sigma_test = 0.00138159 
E_train = 0.0458759 
E_test = 0.0496706 
delta_E_train = 0.000671387 
delta_E_test = 0.000749655 
sigma_max_train = 0.841209 
sigma_max_test = 1.01041 
