[Results] 
model_name = 100_500_100_seed1234 
seed = 1234 
psi = -8 
n_pairs = 100000 
n_points = 500000 
batch_size = 10000 
layers = 100_500_100 

n_epochs = 71 
train_time = 1987.181716 
sigma_train = 0.009505 
sigma_test = 0.009862 
delta_sigma_train = 0.000011 
delta_sigma_test = 0.000012 
