[Results] 
model_name = 100_500_100_seed235 
seed = 235 
psi = -5.5 
n_pairs = 100000 
n_points = 500000 
batch_size = 10000 
layers = 100_500_100 

n_epochs = 91 
train_time = 2517.482232 
sigma_train = 0.013169 
sigma_test = 0.013959 
delta_sigma_train = 0.000033 
delta_sigma_test = 0.000036 
