[Results] 
model_name = 25 
seed = 1234 
n_pairs = 10000 
n_points = 50000 
batch_size = 10000 
function = f2 
psi = 1.0 
alpha = 2.8 
k = 1 
n_parameters = 25 
loss function = weighted_MAPE 

n_epochs = 200 
train_time = 185.745 
sigma_train = 0.376389 
sigma_test = 0.378711 
delta_sigma_train = 0.00135347 
delta_sigma_test = 0.00137179 
E_train = 0.233232 
E_test = 0.237545 
delta_E_train = 0.00194293 
delta_E_test = 0.00202082 
sigma_max_train = 3.35297 
sigma_max_test = 3.4382 
