[Results] 
model_name = 100_500_100_1_seed320 
seed = 320 
psi = -4.0 
n_pairs = 100000 
n_points = 500000 
batch_size = 10000 
layers = 100_500_100_1 
loss function = weighted_MSE 

n_epochs = 41 
train_time = 1263.48 
sigma_train = 0.579163 
sigma_test = 0.577845 
delta_sigma_train = 0.000837404 
delta_sigma_test = 0.000827936 
E_train = 0.686072 
E_test = 0.676648 
delta_E_train = 0.000837404 
delta_E_test = 0.000827936 
E_max_train = 1.1745 
E_max_test = 1.1541 
