[Results] 
model_name = 25 
seed = 1234 
n_pairs = 10000 
n_points = 50000 
batch_size = 10000 
function = f2 
psi = -2.0 
alpha = 2.8 
k = 1 
n_parameters = 25 
loss function = weighted_MAPE 

n_epochs = 200 
train_time = 188.253 
sigma_train = 0.3656 
sigma_test = 0.369087 
delta_sigma_train = 0.00131708 
delta_sigma_test = 0.00134025 
E_train = 0.220413 
E_test = 0.226025 
delta_E_train = 0.00184452 
delta_E_test = 0.00192079 
sigma_max_train = 3.46251 
sigma_max_test = 3.32576 
