[Results] 
model_name = 100_500_100_1_seed472 
seed = 472 
psi = -5.5 
n_pairs = 100000 
n_points = 500000 
batch_size = 10000 
layers = 100_500_100_1 
loss function = weighted_MAPE 

n_epochs = 501 
train_time = 14115 
sigma_train = 0.0229904 
sigma_test = 0.0234354 
delta_sigma_train = 4.86932e-05 
delta_sigma_test = 5.01851e-05 
E_train = 0.00171395 
E_test = 0.00180899 
delta_E_train = 4.86932e-05 
delta_E_test = 5.01851e-05 
E_max_train = 0.464087 
E_max_test = 0.476776 
