[Results] 
model_name = k3 
seed = 1234 
n_pairs = 2000 
n_points = 10000 
batch_size = 10000 
function = f1 
psi = -2.0 
phi = 0.8 
k = 3 
n_parameters = 1225 
loss function = weighted_MSE 

n_epochs = 666 
train_time = 39.874 
sigma_train = 0.0511888 
sigma_test = 0.0603146 
delta_sigma_train = 0.00045494 
delta_sigma_test = 0.000533351 
E_train = 0.00469 
E_test = 0.00648248 
delta_E_train = 9.05874e-05 
delta_E_test = 0.000123866 
sigma_max_train = 0.35555 
sigma_max_test = 0.37308 
