[Results] 
model_name = k2 
seed = 1234 
n_pairs = 2000 
n_points = 10000 
batch_size = 10000 
function = f1 
psi = -2.0 
phi = 0.4 
k = 2 
n_parameters = 225 
loss function = weighted_MSE 

n_epochs = 666 
train_time = 8.95303 
sigma_train = 0.0741805 
sigma_test = 0.0748647 
delta_sigma_train = 0.000601277 
delta_sigma_test = 0.000600063 
E_train = 0.00911809 
E_test = 0.00920548 
delta_E_train = 0.000144433 
delta_E_test = 0.000145216 
sigma_max_train = 0.437935 
sigma_max_test = 0.447177 
