[Results] 
model_name = k3 
seed = 1234 
n_pairs = 2000 
n_points = 10000 
batch_size = 10000 
function = f1 
psi = -2.0 
phi = 0.4 
k = 3 
n_parameters = 1225 
loss function = weighted_MSE 

n_epochs = 666 
train_time = 29.8421 
sigma_train = 0.0489054 
sigma_test = 0.0571115 
delta_sigma_train = 0.000434366 
delta_sigma_test = 0.000508323 
E_train = 0.00427848 
E_test = 0.00584565 
delta_E_train = 8.20599e-05 
delta_E_test = 0.000110773 
sigma_max_train = 0.362952 
sigma_max_test = 0.351834 
