[Results] 
model_name = 2 
seed = 1234 
n_pairs = 10000 
n_points = 50000 
batch_size = 10000 
function = f2 
psi = 1.0 
alpha = 2.8 
k = 2 
n_parameters = 225 
loss function = weighted_MAPE 

n_epochs = 200 
train_time = 169.23 
sigma_train = 0.18843 
sigma_test = 0.190908 
delta_sigma_train = 0.000683123 
delta_sigma_test = 0.000687821 
E_train = 0.0588273 
E_test = 0.0601027 
delta_E_train = 0.000412611 
delta_E_test = 0.000423604 
sigma_max_train = 1.20459 
sigma_max_test = 1.35715 
