[Results] 
model_name = 3 
seed = 1234 
n_pairs = 10000 
n_points = 50000 
batch_size = 10000 
function = f2 
psi = 1.0 
alpha = 2.8 
k = 3 
n_parameters = 1225 
loss function = weighted_MAPE 

n_epochs = 200 
train_time = 420.653 
sigma_train = 0.0925531 
sigma_test = 0.0974837 
delta_sigma_train = 0.000392613 
delta_sigma_test = 0.000408026 
E_train = 0.0162706 
E_test = 0.0178298 
delta_E_train = 0.000155303 
delta_E_test = 0.0001727 
sigma_max_train = 0.869703 
sigma_max_test = 0.782165 
