[Results] 
model_name = 100_500_100_1_seed235 
seed = 235 
psi = -4.0 
n_pairs = 100000 
n_points = 500000 
batch_size = 10000 
layers = 100_500_100_1 
loss function = weighted_MAPE 

n_epochs = 111 
train_time = 2154.35 
sigma_train = 0.0109969 
sigma_test = 0.0115668 
delta_sigma_train = 1.95275e-05 
delta_sigma_test = 2.10622e-05 
E_train = 0.000311575 
E_test = 0.000355544 
delta_E_train = 1.95275e-05 
delta_E_test = 2.10622e-05 
E_max_train = 0.0196602 
E_max_test = 0.0217502 
