[Results] 
model_name = 25 
seed = 1234 
n_pairs = 100000 
n_points = 500000 
batch_size = 5000 
function = f1 
psi = 1.0 
phi = 2.0 
k = 1 
n_parameters = 25 
loss function = weighted_MAPE 

n_epochs = 500 
train_time = 3742.72 
sigma_train = 0.368145 
sigma_test = 0.368162 
delta_sigma_train = 0.000499878 
delta_sigma_test = 0.000502127 
E_train = 0.260449 
E_test = 0.261608 
delta_E_train = 0.000499878 
delta_E_test = 0.000502127 
sigma_max_train = 4.68762 
sigma_max_test = 4.60245 
