[Results] 
model_name = 25 
seed = 1234 
n_pairs = 100000 
n_points = 500000 
batch_size = 5000 
function = f0 
psi = 1.0 
k = 1 
n_parameters = 25 
loss function = weighted_MAPE 

n_epochs = 2 
train_time = 17.5218 
sigma_train = 0.371013 
sigma_test = 0.371659 
delta_sigma_train = 0.000506906 
delta_sigma_test = 0.000508802 
E_train = 0.266121 
E_test = 0.267548 
delta_E_train = 0.000506906 
delta_E_test = 0.000508802 
sigma_max_train = 4.56244 
sigma_max_test = 4.58748 
