[Results] 
model_name = k3 
seed = 1234 
n_pairs = 2000 
n_points = 10000 
batch_size = 10000 
function = f1 
psi = 3.0 
phi = 3.0 
k = 3 
n_parameters = 1225 
loss function = weighted_MSE 

n_epochs = 666 
train_time = 186.986 
sigma_train = 0.0575284 
sigma_test = 0.0821513 
delta_sigma_train = 0.000464111 
delta_sigma_test = 0.000730234 
E_train = 0.00546351 
E_test = 0.0120813 
delta_E_train = 8.71364e-05 
delta_E_test = 0.000228564 
sigma_max_train = 0.349801 
sigma_max_test = 0.43339 
