[Results] 
model_name = 2 
seed = 1234 
n_pairs = 10000 
n_points = 50000 
batch_size = 10000 
function = f0 
psi = -4.4 
k = 2 
n_parameters = 225 
loss function = weighted_MAPE 

n_epochs = 200 
train_time = 172.295 
sigma_train = 0.098161 
sigma_test = 0.1013 
delta_sigma_train = 0.000459314 
delta_sigma_test = 0.000468312 
E_train = 0.0201893 
E_test = 0.0212325 
delta_E_train = 0.000235674 
delta_E_test = 0.000237108 
sigma_max_train = 0.827593 
sigma_max_test = 0.786841 
