[Results] 
model_name = 3 
seed = 1234 
n_pairs = 10000 
n_points = 50000 
batch_size = 10000 
function = f0 
psi = -4.4 
k = 3 
n_parameters = 1225 
loss function = weighted_MAPE 

n_epochs = 200 
train_time = 422.828 
sigma_train = 0.0865127 
sigma_test = 0.0921832 
delta_sigma_train = 0.000430484 
delta_sigma_test = 0.000440159 
E_train = 0.0167604 
E_test = 0.0181902 
delta_E_train = 0.000225166 
delta_E_test = 0.000227435 
sigma_max_train = 0.818377 
sigma_max_test = 0.774839 
