[Results] 
model_name = 100_200_500_seed235 
seed = 235 
psi = -5.5 
n_pairs = 100000 
n_points = 500000 
batch_size = 10000 
layers = 100_200_500 

n_epochs = 131 
train_time = 1519.187385 
sigma_train = 0.017661 
sigma_test = 0.018646 
delta_sigma_train = 0.000040 
delta_sigma_test = 0.000043 
