[Results] 
model_name = 100_500_100_seed1234 
seed = 1234 
psi = 0 
n_pairs = 100000 
n_points = 500000 
batch_size = 10000 
layers = 100_500_100 

n_epochs = 41 
train_time = 1226.244678 
sigma_train = 0.004593 
sigma_test = 0.004600 
delta_sigma_train = 0.000005 
delta_sigma_test = 0.000005 
