[Results] 
model_name = 100_1000_100_1_seed1234 
seed = 1234 
psi = -15.0 
n_pairs = 100000 
n_points = 500000 
batch_size = 10000 
layers = 100_1000_100_1 
loss function = weighted_MAPE 

n_epochs = 481 
train_time = 9538.39 
sigma_train = 0.00662593 
sigma_test = 0.00663536 
delta_sigma_train = 7.41768e-06 
delta_sigma_test = 7.42873e-06 
E_train = 7.14121e-05 
E_test = 7.16259e-05 
delta_E_train = 7.41768e-06 
delta_E_test = 7.42873e-06 
E_max_train = 0.0540275 
E_max_test = 0.0533201 
