[Results] 
model_name = 25 
seed = 1234 
n_pairs = 10000 
n_points = 50000 
batch_size = 10000 
function = f2 
psi = 2.0 
alpha = 2.4 
k = 1 
n_parameters = 25 
loss function = weighted_MAPE 

n_epochs = 200 
train_time = 182.314 
sigma_train = 0.390294 
sigma_test = 0.390133 
delta_sigma_train = 0.00141369 
delta_sigma_test = 0.00142015 
E_train = 0.252192 
E_test = 0.253008 
delta_E_train = 0.00214271 
delta_E_test = 0.00221329 
sigma_max_train = 3.49143 
sigma_max_test = 3.66737 
