[Results] 
model_name = 100_500_100_seed320 
seed = 320 
psi = -0.01 
n_pairs = 100000 
n_points = 500000 
batch_size = 10000 
layers = 100_500_100 

n_epochs = 31 
train_time = 940.250673 
sigma_train = 0.004284 
sigma_test = 0.004291 
delta_sigma_train = 0.000005 
delta_sigma_test = 0.000005 
