[Results] 
model_name = 100_500_100_1_seed1234 
seed = 1234 
psi = 0.5 
n_pairs = 100000 
n_points = 500000 
batch_size = 1000 
layers = 100_500_100_1 
loss function = weighted_MAPE 

n_epochs = 11 
train_time = 324.337 
sigma_train = 1.1921 
sigma_test = 1.19286 
delta_sigma_train = 0.00327379 
delta_sigma_test = 0.00328512 
E_train = 6.77052 
E_test = 6.82732 
delta_E_train = 0.00327379 
delta_E_test = 0.00328512 
E_max_train = 44.9296 
E_max_test = 45.728 
