[Results] 
model_name = 100_500_100_1_seed1235 
seed = 1235 
psi = 0.5 
n_pairs = 100000 
n_points = 500000 
batch_size = 1000 
layers = 100_500_100_1 
loss function = max_error 

n_epochs = 81 
train_time = 2487.1 
sigma_train = 0.0201836 
sigma_test = 0.0201867 
delta_sigma_train = 2.12331e-05 
delta_sigma_test = 2.12416e-05 
E_train = 0.000632966 
E_test = 0.000633051 
delta_E_train = 2.12331e-05 
delta_E_test = 2.12416e-05 
E_max_train = 0.0820613 
E_max_test = 0.0824341 
