[Results] 
model_name = 50_100_200_seed235 
seed = 235 
psi = -4.5 
n_pairs = 100000 
n_points = 500000 
batch_size = 1000 
layers = 50_100_200 

n_epochs = 281 
train_time = 8029.383123 
sigma_train = 0.014934 
sigma_test = 0.015260 
delta_sigma_train = 0.000036 
delta_sigma_test = 0.000038 
