[Results] 
model_name = 100_500_100_1_seed472 
seed = 472 
psi = -3.0 
n_pairs = 100000 
n_points = 500000 
batch_size = 10000 
layers = 100_500_100_1 
loss function = weighted_MAPE 

n_epochs = 1 
train_time = 49.4028 
sigma_train = 1.98224 
sigma_test = 1.43125 
delta_sigma_train = 0.924844 
delta_sigma_test = 0.251309 
E_train = 3.4416e+06 
E_test = 46930.7 
delta_E_train = 0.924844 
delta_E_test = 0.251309 
E_max_train = 47774.3 
E_max_test = 18260.8 
