[Results] 
model_name = 100_500_100_1_seed320 
seed = 320 
psi = -2.0 
n_pairs = 100000 
n_points = 500000 
batch_size = 10000 
layers = 100_500_100_1 
loss function = weighted_MAPE 

n_epochs = 591 
train_time = 10822.7 
sigma_train = 0.00694705 
sigma_test = 0.00702831 
delta_sigma_train = 9.08939e-06 
delta_sigma_test = 9.26522e-06 
E_train = 8.95665e-05 
E_test = 9.23264e-05 
delta_E_train = 9.08939e-06 
delta_E_test = 9.26522e-06 
E_max_train = 0.0803433 
E_max_test = 0.0833788 
