[Results] 
model_name = 2 
seed = 1234 
n_pairs = 10000 
n_points = 50000 
batch_size = 10000 
function = f2 
psi = -3.0 
alpha = 0.4 
k = 2 
n_parameters = 225 
loss function = weighted_MAPE 

n_epochs = 200 
train_time = 178.999 
sigma_train = 0.103331 
sigma_test = 0.105591 
delta_sigma_train = 0.000392451 
delta_sigma_test = 0.000397512 
E_train = 0.0183789 
E_test = 0.0190509 
delta_E_train = 0.000147596 
delta_E_test = 0.000153116 
sigma_max_train = 0.643033 
sigma_max_test = 0.751026 
