[Results] 
model_name = 3 
seed = 1234 
n_pairs = 10000 
n_points = 50000 
batch_size = 10000 
function = f2 
psi = -3.0 
alpha = 0.4 
k = 3 
n_parameters = 1225 
loss function = weighted_MAPE 

n_epochs = 200 
train_time = 409.348 
sigma_train = 0.068845 
sigma_test = 0.0729354 
delta_sigma_train = 0.0003102 
delta_sigma_test = 0.000315874 
E_train = 0.00955125 
E_test = 0.0103087 
delta_E_train = 0.000107126 
delta_E_test = 0.00011466 
sigma_max_train = 0.620506 
sigma_max_test = 0.743914 
