[Results] 
model_name = k2 
seed = 1234 
n_pairs = 2000 
n_points = 10000 
batch_size = 10000 
function = f1 
psi = 1.0 
phi = 2.0 
k = 2 
n_parameters = 225 
loss function = weighted_MSE 

n_epochs = 666 
train_time = 18.655 
sigma_train = 0.0655836 
sigma_test = 0.0734986 
delta_sigma_train = 0.000496744 
delta_sigma_test = 0.000592523 
E_train = 0.00676875 
E_test = 0.00891287 
delta_E_train = 9.7244e-05 
delta_E_test = 0.000143322 
sigma_max_train = 0.438706 
sigma_max_test = 0.47319 
