[Results] 
model_name = 100_500_100_1_seed1234 
seed = 1234 
psi = -4.5 
n_pairs = 100000 
n_points = 500000 
batch_size = 10000 
layers = 100_500_100_1 
loss function = weighted_MAPE 

n_epochs = 81 
train_time = 1437.77 
sigma_train = 0.0571478 
sigma_test = 0.0578038 
delta_sigma_train = 0.000101268 
delta_sigma_test = 0.000103268 
E_train = 0.00839289 
E_test = 0.00867419 
delta_E_train = 0.000101268 
delta_E_test = 0.000103268 
E_max_train = 0.741032 
E_max_test = 0.767 
