[Results] 
model_name = 2 
seed = 1234 
n_pairs = 10000 
n_points = 50000 
batch_size = 10000 
function = f2 
psi = 3.0 
alpha = 0.4 
k = 2 
n_parameters = 225 
loss function = weighted_MAPE 

n_epochs = 200 
train_time = 169.62 
sigma_train = 0.102444 
sigma_test = 0.102524 
delta_sigma_train = 0.000379874 
delta_sigma_test = 0.00037668 
E_train = 0.0177124 
E_test = 0.0176037 
delta_E_train = 0.000133431 
delta_E_test = 0.000135789 
sigma_max_train = 0.656549 
sigma_max_test = 0.709938 
