[Results] 
model_name = k3 
seed = 1234 
n_pairs = 2000 
n_points = 10000 
batch_size = 10000 
function = f1 
psi = -2.0 
phi = 1.6 
k = 3 
n_parameters = 1225 
loss function = weighted_MSE 

n_epochs = 666 
train_time = 90.2986 
sigma_train = 0.0566759 
sigma_test = 0.0726117 
delta_sigma_train = 0.000500357 
delta_sigma_test = 0.0006873 
E_train = 0.00571573 
E_test = 0.00999627 
delta_E_train = 0.000108743 
delta_E_test = 0.000226752 
sigma_max_train = 0.370821 
sigma_max_test = 0.56238 
