[Results] 
model_name = k4 
seed = 1234 
n_pairs = 2000 
n_points = 10000 
batch_size = 10000 
function = f1 
psi = -2.0 
phi = 1.6 
k = 4 
n_parameters = 4900 
loss function = weighted_MSE 

n_epochs = 666 
train_time = 1524.75 
sigma_train = 0.00852504 
sigma_test = 0.0300292 
delta_sigma_train = 7.455e-05 
delta_sigma_test = 0.00031904 
E_train = 0.000128253 
E_test = 0.00191962 
delta_E_train = 2.40798e-06 
delta_E_test = 5.82648e-05 
sigma_max_train = 0.0924763 
sigma_max_test = 0.316007 
