[Results] 
model_name = 25 
seed = 1234 
n_pairs = 10000 
n_points = 50000 
batch_size = 10000 
function = f0 
psi = -4.4 
k = 1 
n_parameters = 25 
loss function = weighted_MAPE 

n_epochs = 200 
train_time = 128.403 
sigma_train = 0.337046 
sigma_test = 0.340944 
delta_sigma_train = 0.00142829 
delta_sigma_test = 0.00144746 
E_train = 0.215615 
E_test = 0.220976 
delta_E_train = 0.00142829 
delta_E_test = 0.00144746 
sigma_max_train = 3.74273 
sigma_max_test = 3.92469 
