[Results] 
model_name = 25 
seed = 1234 
n_pairs = 10000 
n_points = 50000 
batch_size = 10000 
function = f2 
psi = -1.0 
alpha = 0.4 
k = 1 
n_parameters = 25 
loss function = weighted_MAPE 

n_epochs = 200 
train_time = 183.424 
sigma_train = 0.384746 
sigma_test = 0.388292 
delta_sigma_train = 0.00162371 
delta_sigma_test = 0.00163385 
E_train = 0.279809 
E_test = 0.284207 
delta_E_train = 0.00346483 
delta_E_test = 0.00348264 
sigma_max_train = 4.67404 
sigma_max_test = 4.74667 
