[Results] 
model_name = 2 
seed = 1234 
n_pairs = 10000 
n_points = 50000 
batch_size = 10000 
function = f0 
psi = 0.8 
k = 2 
n_parameters = 225 
loss function = weighted_MAPE 

n_epochs = 200 
train_time = 178.448 
sigma_train = 0.0559721 
sigma_test = 0.0564393 
delta_sigma_train = 0.000191006 
delta_sigma_test = 0.000190025 
E_train = 0.00495702 
E_test = 0.00499005 
delta_E_train = 3.42996e-05 
delta_E_test = 3.42229e-05 
sigma_max_train = 0.444872 
sigma_max_test = 0.475055 
