[Results] 
model_name = 3 
seed = 1234 
n_pairs = 10000 
n_points = 50000 
batch_size = 10000 
function = f0 
psi = 0.8 
k = 3 
n_parameters = 1225 
loss function = weighted_MAPE 

n_epochs = 200 
train_time = 413.107 
sigma_train = 0.0310224 
sigma_test = 0.0324547 
delta_sigma_train = 0.000138239 
delta_sigma_test = 0.000139285 
E_train = 0.00191795 
E_test = 0.00202346 
delta_E_train = 2.39644e-05 
delta_E_test = 2.4498e-05 
sigma_max_train = 0.376491 
sigma_max_test = 0.387521 
