[Results] 
model_name = 50_100_200_seed1235 
seed = 1235 
psi = -3 
n_pairs = 100000 
n_points = 500000 
batch_size = 1000 
layers = 50_100_200 

n_epochs = 91 
train_time = 3053.750667 
sigma_train = 0.036391 
sigma_test = 0.036834 
delta_sigma_train = 0.000055 
delta_sigma_test = 0.000055 
