[Results] 
model_name = 100_200_500_seed235 
seed = 235 
psi = -8 
n_pairs = 100000 
n_points = 500000 
batch_size = 10000 
layers = 100_200_500 

n_epochs = 121 
train_time = 1451.349899 
sigma_train = 0.012201 
sigma_test = 0.012694 
delta_sigma_train = 0.000016 
delta_sigma_test = 0.000016 
