[Results] 
model_name = 25 
seed = 1234 
n_pairs = 10000 
n_points = 50000 
batch_size = 10000 
function = f2 
psi = 3.0 
alpha = 2.0 
k = 1 
n_parameters = 25 
loss function = weighted_MAPE 

n_epochs = 200 
train_time = 182.825 
sigma_train = 0.406555 
sigma_test = 0.40565 
delta_sigma_train = 0.00148103 
delta_sigma_test = 0.00149056 
E_train = 0.274953 
E_test = 0.275689 
delta_E_train = 0.00240399 
delta_E_test = 0.00248062 
sigma_max_train = 3.65973 
sigma_max_test = 4.00566 
