[Results] 
model_name = 2 
seed = 1234 
n_pairs = 10000 
n_points = 50000 
batch_size = 10000 
function = f0 
psi = -4.0 
k = 2 
n_parameters = 225 
loss function = weighted_MAPE 

n_epochs = 200 
train_time = 173.055 
sigma_train = 0.0935452 
sigma_test = 0.0960936 
delta_sigma_train = 0.000428644 
delta_sigma_test = 0.000432478 
E_train = 0.0179366 
E_test = 0.018583 
delta_E_train = 0.0001969 
delta_E_test = 0.000191301 
sigma_max_train = 0.726414 
sigma_max_test = 0.696403 
