[Results] 
model_name = 3 
seed = 1234 
n_pairs = 10000 
n_points = 50000 
batch_size = 10000 
function = f1 
psi = 1.0 
phi = 0.0 
k = 3 
n_parameters = 1225 
loss function = weighted_MAPE 

n_epochs = 200 
train_time = 412.382 
sigma_train = 0.0333743 
sigma_test = 0.0348561 
delta_sigma_train = 0.000145442 
delta_sigma_test = 0.000146575 
E_train = 0.00217134 
E_test = 0.00228917 
delta_E_train = 2.45032e-05 
delta_E_test = 2.5079e-05 
sigma_max_train = 0.37314 
sigma_max_test = 0.381134 
