[Results] 
model_name = 25 
seed = 1234 
n_pairs = 100000 
n_points = 500000 
batch_size = 5000 
function = f0 
psi = -2.0 
k = 1 
n_parameters = 25 
loss function = weighted_MAPE 

n_epochs = 2 
train_time = 18.3563 
sigma_train = 1.99527 
sigma_test = 1.99563 
delta_sigma_train = 0.093905 
delta_sigma_test = 0.100561 
E_train = 4354.73 
E_test = 4948.91 
delta_E_train = 0.093905 
delta_E_test = 0.100561 
sigma_max_train = 13806.9 
sigma_max_test = 15931.7 
