[Results] 
model_name = 25 
seed = 1234 
n_pairs = 10000 
n_points = 50000 
batch_size = 10000 
function = f2 
psi = -3.0 
alpha = 3.0 
k = 1 
n_parameters = 25 
loss function = weighted_MAPE 

n_epochs = 200 
train_time = 186.002 
sigma_train = 0.359476 
sigma_test = 0.364534 
delta_sigma_train = 0.00129334 
delta_sigma_test = 0.0013229 
E_train = 0.212846 
E_test = 0.220401 
delta_E_train = 0.00176391 
delta_E_test = 0.00185191 
sigma_max_train = 3.4427 
sigma_max_test = 3.20921 
