[Results] 
model_name = 2 
seed = 1234 
n_pairs = 10000 
n_points = 50000 
batch_size = 10000 
function = f2 
psi = 2.0 
alpha = 2.0 
k = 2 
n_parameters = 225 
loss function = weighted_MAPE 

n_epochs = 200 
train_time = 177.251 
sigma_train = 0.188265 
sigma_test = 0.189928 
delta_sigma_train = 0.000685393 
delta_sigma_test = 0.000688059 
E_train = 0.0589474 
E_test = 0.0597512 
delta_E_train = 0.000417578 
delta_E_test = 0.000423921 
sigma_max_train = 1.24231 
sigma_max_test = 1.30089 
