[Results] 
model_name = 3 
seed = 1234 
n_pairs = 10000 
n_points = 50000 
batch_size = 10000 
function = f2 
psi = 2.0 
alpha = 2.0 
k = 3 
n_parameters = 1225 
loss function = weighted_MAPE 

n_epochs = 200 
train_time = 412.543 
sigma_train = 0.0909681 
sigma_test = 0.0952159 
delta_sigma_train = 0.000386572 
delta_sigma_test = 0.000395344 
E_train = 0.0157474 
E_test = 0.0168879 
delta_E_train = 0.000149378 
delta_E_test = 0.000164627 
sigma_max_train = 0.750773 
sigma_max_test = 0.813087 
