[Results] 
model_name = 100_500_100_seed1234 
seed = 1234 
psi = -1 
n_pairs = 100000 
n_points = 500000 
batch_size = 10000 
layers = 100_500_100 

n_epochs = 81 
train_time = 2261.986642 
sigma_train = 0.004658 
sigma_test = 0.004772 
delta_sigma_train = 0.000005 
delta_sigma_test = 0.000005 
