[Results] 
model_name = 100_500_100_1_seed320 
seed = 320 
psi = -6.0 
n_pairs = 100000 
n_points = 500000 
batch_size = 10000 
layers = 100_500_100_1 
loss function = weighted_MAPE 

n_epochs = 21 
train_time = 423.866 
sigma_train = 0.482845 
sigma_test = 0.483288 
delta_sigma_train = 0.000650441 
delta_sigma_test = 0.000649964 
E_train = 0.444668 
E_test = 0.444736 
delta_E_train = 0.000650441 
delta_E_test = 0.000649964 
E_max_train = 8.77395 
E_max_test = 8.6697 
