[Results] 
model_name = 100_1000_100_1_seed1234 
seed = 1234 
psi = 0.0 
n_pairs = 100000 
n_points = 500000 
batch_size = 10000 
layers = 100_1000_100_1 
loss function = weighted_MAPE 

n_epochs = 31 
train_time = 705.676 
sigma_train = 1.99692 
sigma_test = 1.99816 
delta_sigma_train = 0.125683 
delta_sigma_test = 0.142013 
E_train = 7148.17 
E_test = 9329.89 
delta_E_train = 0.125683 
delta_E_test = 0.142013 
E_max_train = 493.838 
E_max_test = 606.48 
