[Results] 
model_name = 100_1000_100_1_seed1234 
seed = 1234 
psi = 0.0 
n_pairs = 100000 
n_points = 500000 
batch_size = 10000 
layers = 100_1000_100_1 
loss function = weighted_MAPE 

n_epochs = 31 
train_time = 705.676 
sigma_train = 1.99682 
sigma_test = 1.99809 
delta_sigma_train = 0.121039 
delta_sigma_test = 0.143334 
E_train = 7474.5 
E_test = 10436.3 
delta_E_train = 0.121039 
delta_E_test = 0.143334 
E_max_train = 29388.4 
E_max_test = 23464.7 
