[Results] 
model_name = 3 
seed = 1234 
n_pairs = 10000 
n_points = 50000 
batch_size = 10000 
function = f2 
psi = -1.0 
alpha = 2.8 
k = 3 
n_parameters = 1225 
loss function = weighted_MAPE 

n_epochs = 200 
train_time = 408.317 
sigma_train = 0.090637 
sigma_test = 0.0957477 
delta_sigma_train = 0.000379986 
delta_sigma_test = 0.000395088 
E_train = 0.015432 
E_test = 0.0169673 
delta_E_train = 0.000144645 
delta_E_test = 0.000162145 
sigma_max_train = 0.80653 
sigma_max_test = 0.789248 
