[Results] 
model_name = 25 
seed = 1234 
n_pairs = 10000 
n_points = 50000 
batch_size = 10000 
function = f0 
psi = -2.8 
k = 1 
n_parameters = 25 
loss function = weighted_MAPE 

n_epochs = 200 
train_time = 128.3 
sigma_train = 0.357148 
sigma_test = 0.360152 
delta_sigma_train = 0.00153168 
delta_sigma_test = 0.00154862 
E_train = 0.244893 
E_test = 0.249626 
delta_E_train = 0.00153168 
delta_E_test = 0.00154862 
sigma_max_train = 4.14903 
sigma_max_test = 4.26603 
