[Results] 
model_name = 100_200_500_seed320 
seed = 320 
psi = -4 
n_pairs = 100000 
n_points = 500000 
batch_size = 10000 
layers = 100_200_500 

n_epochs = 101 
train_time = 1167.089662 
sigma_train = 0.016749 
sigma_test = 0.017631 
delta_sigma_train = 0.000030 
delta_sigma_test = 0.000032 
