[Results] 
model_name = 100_500_100_1_seed1234 
seed = 1234 
psi = -3.0 
n_pairs = 100000 
n_points = 500000 
batch_size = 10000 
layers = 100_500_100_1 
loss function = weighted_MAPE 

n_epochs = 21 
train_time = 460.676 
sigma_train = 1.99837 
sigma_test = 2.00336 
delta_sigma_train = 0.135374 
delta_sigma_test = 0.135383 
E_train = 8357.7 
E_test = 8851.84 
delta_E_train = 0.135374 
delta_E_test = 0.135383 
E_max_train = 614.818 
E_max_test = 657.785 
