[Results] 
model_name = 100_500_100_1_seed1234 
seed = 1234 
psi = -3.0 
n_pairs = 100000 
n_points = 500000 
batch_size = 10000 
layers = 100_500_100_1 
loss function = weighted_MAPE 

n_epochs = 21 
train_time = 460.676 
sigma_train = 2.00219 
sigma_test = 2.00121 
delta_sigma_train = 0.129345 
delta_sigma_test = 0.141921 
E_train = 7528.87 
E_test = 8560.08 
delta_E_train = 0.129345 
delta_E_test = 0.141921 
E_max_train = 21336 
E_max_test = 33244.8 
