[Results] 
model_name = k2 
seed = 1234 
n_pairs = 2000 
n_points = 10000 
batch_size = 10000 
function = f2 
psi = 3.0 
alpha = 2.0 
k = 2 
n_parameters = 225 
loss function = weighted_MSE 

n_epochs = 666 
train_time = 10.1863 
sigma_train = 0.184534 
sigma_test = 0.19886 
delta_sigma_train = 0.00145099 
delta_sigma_test = 0.00159427 
E_train = 0.0551065 
E_test = 0.0649622 
delta_E_train = 0.000823154 
delta_E_test = 0.00100483 
sigma_max_train = 1.01831 
sigma_max_test = 1.18092 
