[Results] 
model_name = k3 
seed = 1234 
n_pairs = 2000 
n_points = 10000 
batch_size = 10000 
function = f2 
psi = 3.0 
alpha = 2.0 
k = 3 
n_parameters = 1225 
loss function = weighted_MSE 

n_epochs = 666 
train_time = 53.42 
sigma_train = 0.0792843 
sigma_test = 0.105507 
delta_sigma_train = 0.00065234 
delta_sigma_test = 0.000938139 
E_train = 0.0105415 
E_test = 0.0199327 
delta_E_train = 0.000174709 
delta_E_test = 0.000384451 
sigma_max_train = 0.453976 
sigma_max_test = 0.666566 
