[Results] 
model_name = 3 
seed = 1234 
n_pairs = 10000 
n_points = 50000 
batch_size = 10000 
function = f1 
psi = -3.0 
phi = 0.4 
k = 3 
n_parameters = 1225 
loss function = weighted_MAPE 

n_epochs = 200 
train_time = 409.047 
sigma_train = 0.066763 
sigma_test = 0.0710651 
delta_sigma_train = 0.000310263 
delta_sigma_test = 0.00031566 
E_train = 0.00927384 
E_test = 0.010032 
delta_E_train = 0.000105817 
delta_E_test = 0.000106817 
sigma_max_train = 0.557192 
sigma_max_test = 0.53374 
