[Results] 
model_name = 100_500_100_seed1234 
seed = 1234 
psi = -6 
n_pairs = 100000 
n_points = 500000 
batch_size = 10000 
layers = 100_500_100 

n_epochs = 131 
train_time = 3629.002311 
sigma_train = 0.010404 
sigma_test = 0.011154 
delta_sigma_train = 0.000021 
delta_sigma_test = 0.000024 
