[Results] 
model_name = 2 
seed = 1234 
n_pairs = 10000 
n_points = 50000 
batch_size = 10000 
function = f2 
psi = 0.0 
alpha = 2.4 
k = 2 
n_parameters = 225 
loss function = weighted_MAPE 

n_epochs = 200 
train_time = 176.618 
sigma_train = 0.186398 
sigma_test = 0.1872 
delta_sigma_train = 0.000681231 
delta_sigma_test = 0.000674418 
E_train = 0.0579367 
E_test = 0.0578087 
delta_E_train = 0.000413825 
delta_E_test = 0.000405209 
sigma_max_train = 1.28493 
sigma_max_test = 1.36676 
