[Results] 
model_name = 25 
seed = 1234 
n_pairs = 10000 
n_points = 50000 
batch_size = 10000 
function = f1 
psi = -2.0 
phi = 0.4 
k = 1 
n_parameters = 25 
loss function = weighted_MAPE 

n_epochs = 200 
train_time = 130.8 
sigma_train = 0.367309 
sigma_test = 0.369927 
delta_sigma_train = 0.00157392 
delta_sigma_test = 0.00159079 
E_train = 0.258765 
E_test = 0.263401 
delta_E_train = 0.00157392 
delta_E_test = 0.00159079 
sigma_max_train = 4.25289 
sigma_max_test = 4.41364 
