[Results] 
model_name = 50_50_1 
seed = 1234 
n_pairs = 100000 
n_points = 500000 
batch_size = 5000 
function = f0 
psi = -4.4 
k = 4 
n_parameters = 3800 
loss function = weighted_MAPE 

n_epochs = 150 
train_time = 1718.06 
sigma_train = 0.0524059 
sigma_test = 0.0534846 
delta_sigma_train = 9.78129e-05 
delta_sigma_test = 9.99239e-05 
E_train = 0.0075326 
E_test = 0.00785314 
delta_E_train = 4.34212e-05 
delta_E_test = 4.53676e-05 
sigma_max_train = 0.753329 
sigma_max_test = 0.753331 
