[Results] 
model_name = 100_200_500_seed320 
seed = 320 
psi = -2 
n_pairs = 100000 
n_points = 500000 
batch_size = 10000 
layers = 100_200_500 

n_epochs = 81 
train_time = 949.125516 
sigma_train = 0.009019 
sigma_test = 0.009325 
delta_sigma_train = 0.000011 
delta_sigma_test = 0.000011 
