[Results] 
model_name = 2 
seed = 1234 
n_pairs = 10000 
n_points = 50000 
batch_size = 10000 
function = f2 
psi = -3.0 
alpha = 0.8 
k = 2 
n_parameters = 225 
loss function = weighted_MAPE 

n_epochs = 200 
train_time = 180.414 
sigma_train = 0.138231 
sigma_test = 0.139823 
delta_sigma_train = 0.000505282 
delta_sigma_test = 0.00050737 
E_train = 0.0318734 
E_test = 0.0324216 
delta_E_train = 0.000231531 
delta_E_test = 0.000229687 
sigma_max_train = 0.805032 
sigma_max_test = 0.740763 
