[Results] 
model_name = 3 
seed = 1234 
n_pairs = 10000 
n_points = 50000 
batch_size = 10000 
function = f2 
psi = -3.0 
alpha = 0.8 
k = 3 
n_parameters = 1225 
loss function = weighted_MAPE 

n_epochs = 200 
train_time = 398.38 
sigma_train = 0.0742455 
sigma_test = 0.0782897 
delta_sigma_train = 0.00032424 
delta_sigma_test = 0.000329367 
E_train = 0.0107704 
E_test = 0.0115546 
delta_E_train = 0.000116563 
delta_E_test = 0.000115686 
sigma_max_train = 0.700592 
sigma_max_test = 0.642334 
