[Results] 
model_name = 3 
seed = 1234 
n_pairs = 10000 
n_points = 50000 
batch_size = 10000 
function = f1 
psi = 2.0 
phi = 1.2 
k = 3 
n_parameters = 1225 
loss function = weighted_MAPE 

n_epochs = 200 
train_time = 400.969 
sigma_train = 0.057896 
sigma_test = 0.0611885 
delta_sigma_train = 0.000247088 
delta_sigma_test = 0.000251069 
E_train = 0.00640533 
E_test = 0.00689503 
delta_E_train = 5.80209e-05 
delta_E_test = 6.07252e-05 
sigma_max_train = 0.493797 
sigma_max_test = 0.518635 
