[Results] 
model_name = k2 
seed = 1234 
n_pairs = 2000 
n_points = 10000 
batch_size = 10000 
function = f2 
psi = 2.0 
alpha = 0.0 
k = 2 
n_parameters = 225 
loss function = weighted_MSE 

n_epochs = 666 
train_time = 8.37452 
sigma_train = 0.0678481 
sigma_test = 0.0707175 
delta_sigma_train = 0.000539507 
delta_sigma_test = 0.000564355 
E_train = 0.00751404 
E_test = 0.00818593 
delta_E_train = 0.000114188 
delta_E_test = 0.000124711 
sigma_max_train = 0.457127 
sigma_max_test = 0.433575 
