[Results] 
model_name = 2 
seed = 1234 
n_pairs = 10000 
n_points = 50000 
batch_size = 10000 
function = f2 
psi = -3.0 
alpha = 1.6 
k = 2 
n_parameters = 225 
loss function = weighted_MAPE 

n_epochs = 200 
train_time = 175.975 
sigma_train = 0.171615 
sigma_test = 0.172928 
delta_sigma_train = 0.000617226 
delta_sigma_test = 0.000623125 
E_train = 0.0484957 
E_test = 0.049306 
delta_E_train = 0.000334823 
delta_E_test = 0.000347309 
sigma_max_train = 1.1552 
sigma_max_test = 1.19133 
