[Results] 
model_name = 25 
seed = 1234 
n_pairs = 10000 
n_points = 50000 
batch_size = 10000 
function = f1 
psi = 2.0 
phi = 0.0 
k = 1 
n_parameters = 25 
loss function = weighted_MAPE 

n_epochs = 200 
train_time = 139.84 
sigma_train = 0.364238 
sigma_test = 0.366067 
delta_sigma_train = 0.0015664 
delta_sigma_test = 0.00158141 
E_train = 0.255364 
E_test = 0.259069 
delta_E_train = 0.00325697 
delta_E_test = 0.00332737 
sigma_max_train = 4.18474 
sigma_max_test = 4.40344 
