[Results] 
model_name = 100_500_100_1_seed1234 
seed = 1234 
psi = -5.0 
n_pairs = 100000 
n_points = 500000 
batch_size = 10000 
layers = 100_500_100_1 
loss function = weighted_MAPE 

n_epochs = 161 
train_time = 1841.05 
sigma_train = 0.0596888 
sigma_test = 0.0605834 
delta_sigma_train = 0.000108831 
delta_sigma_test = 0.000110971 
E_train = 0.0094859 
E_test = 0.0098269 
delta_E_train = 0.000108831 
delta_E_test = 0.000110971 
E_max_train = 0.948555 
E_max_test = 0.90708 
