[Results] 
model_name = k2 
seed = 1234 
n_pairs = 2000 
n_points = 10000 
batch_size = 10000 
function = f2 
psi = -1.0 
alpha = 1.6 
k = 2 
n_parameters = 225 
loss function = weighted_MSE 

n_epochs = 666 
train_time = 9.95403 
sigma_train = 0.169955 
sigma_test = 0.178511 
delta_sigma_train = 0.00132182 
delta_sigma_test = 0.00143692 
E_train = 0.0463566 
E_test = 0.0525135 
delta_E_train = 0.00068163 
delta_E_test = 0.000822111 
sigma_max_train = 0.865635 
sigma_max_test = 1.04199 
