[Results] 
model_name = k3 
seed = 1234 
n_pairs = 2000 
n_points = 10000 
batch_size = 10000 
function = f2 
psi = -1.0 
alpha = 1.6 
k = 3 
n_parameters = 1225 
loss function = weighted_MSE 

n_epochs = 666 
train_time = 50.9309 
sigma_train = 0.0737613 
sigma_test = 0.0941165 
delta_sigma_train = 0.000618962 
delta_sigma_test = 0.000845653 
E_train = 0.00927188 
E_test = 0.0160092 
delta_E_train = 0.00016938 
delta_E_test = 0.000346537 
sigma_max_train = 0.575384 
sigma_max_test = 0.701014 
