[Results] 
model_name = 50_100_200_seed235 
seed = 235 
psi = -5.5 
n_pairs = 100000 
n_points = 500000 
batch_size = 1000 
layers = 50_100_200 

n_epochs = 281 
train_time = 8062.529408 
sigma_train = 0.032162 
sigma_test = 0.032813 
delta_sigma_train = 0.000061 
delta_sigma_test = 0.000063 
