[Results] 
model_name = 25 
seed = 1234 
n_pairs = 10000 
n_points = 50000 
batch_size = 10000 
function = f0 
psi = 0.4 
k = 1 
n_parameters = 25 
loss function = weighted_MAPE 

n_epochs = 200 
train_time = 136.458 
sigma_train = 0.370907 
sigma_test = 0.372745 
delta_sigma_train = 0.00160191 
delta_sigma_test = 0.0016176 
E_train = 0.265891 
E_test = 0.269829 
delta_E_train = 0.00160191 
delta_E_test = 0.0016176 
sigma_max_train = 4.4327 
sigma_max_test = 4.58334 
