[Results] 
model_name = 50_50_1 
seed = 1234 
n_pairs = 100000 
n_points = 500000 
batch_size = 5000 
function = f0 
psi = -2.4 
k = 4 
n_parameters = 3800 
loss function = weighted_MAPE 

n_epochs = 150 
train_time = 1966.08 
sigma_train = 0.0298181 
sigma_test = 0.0302511 
delta_sigma_train = 4.2191e-05 
delta_sigma_test = 4.26295e-05 
E_train = 0.00177909 
E_test = 0.00182376 
delta_E_train = 6.23141e-06 
delta_E_test = 6.31547e-06 
sigma_max_train = 0.344576 
sigma_max_test = 0.360835 
