[Results] 
model_name = 2 
seed = 1234 
n_pairs = 10000 
n_points = 50000 
batch_size = 10000 
function = f2 
psi = -3.0 
alpha = 3.0 
k = 2 
n_parameters = 225 
loss function = weighted_MAPE 

n_epochs = 200 
train_time = 181.58 
sigma_train = 0.184641 
sigma_test = 0.188968 
delta_sigma_train = 0.000661779 
delta_sigma_test = 0.000678882 
E_train = 0.0559805 
E_test = 0.0587384 
delta_E_train = 0.000383422 
delta_E_test = 0.000416309 
sigma_max_train = 1.16133 
sigma_max_test = 1.2769 
