[Results] 
model_name = 3 
seed = 1234 
n_pairs = 10000 
n_points = 50000 
batch_size = 10000 
function = f2 
psi = -3.0 
alpha = 3.0 
k = 3 
n_parameters = 1225 
loss function = weighted_MAPE 

n_epochs = 200 
train_time = 400.514 
sigma_train = 0.0889356 
sigma_test = 0.0960053 
delta_sigma_train = 0.000367087 
delta_sigma_test = 0.000404357 
E_train = 0.0146456 
E_test = 0.0173897 
delta_E_train = 0.000132967 
delta_E_test = 0.00018791 
sigma_max_train = 0.767128 
sigma_max_test = 0.849758 
