[Results] 
model_name = 25 
seed = 1234 
n_pairs = 10000 
n_points = 50000 
batch_size = 10000 
function = f2 
psi = -2.0 
alpha = 3.0 
k = 1 
n_parameters = 25 
loss function = weighted_MAPE 

n_epochs = 200 
train_time = 181.9 
sigma_train = 0.36268 
sigma_test = 0.367293 
delta_sigma_train = 0.00130365 
delta_sigma_test = 0.00133126 
E_train = 0.216485 
E_test = 0.223503 
delta_E_train = 0.00179385 
delta_E_test = 0.00188086 
sigma_max_train = 3.36829 
sigma_max_test = 3.2516 
