[Results] 
model_name = 3 
seed = 1234 
n_pairs = 10000 
n_points = 50000 
batch_size = 10000 
function = f1 
psi = 3.0 
phi = 2.4 
k = 3 
n_parameters = 1225 
loss function = weighted_MAPE 

n_epochs = 200 
train_time = 412.528 
sigma_train = 0.198395 
sigma_test = 0.213887 
delta_sigma_train = 0.00125177 
delta_sigma_test = 0.00131836 
E_train = 0.117764 
E_test = 0.13266 
delta_E_train = 0.00221389 
delta_E_test = 0.00248592 
sigma_max_train = 3.96764 
sigma_max_test = 4.24647 
