[Results] 
model_name = 100_500_100_1_seed1729 
seed = 1729 
psi = -0.5 
phi = 2.5 
n_pairs = 100000 
n_points = 500000 
batch_size = 10000 
layers = 100_500_100_1 
loss function = weighted_MAPE 

n_epochs = 51 
train_time = 942.181 
sigma_train = 0.46621 
sigma_test = 0.350685 
delta_sigma_train = 0.000540648 
delta_sigma_test = 0.000421362 
E_train = 0.367093 
E_test = 0.213736 
delta_E_train = 0.000540648 
delta_E_test = 0.000421362 
E_max_train = 6.72196 
E_max_test = 5.74757 
