[Results] 
model_name = k3 
seed = 1234 
n_pairs = 2000 
n_points = 10000 
batch_size = 10000 
function = f1 
psi = 3.0 
phi = 0.8 
k = 3 
n_parameters = 1225 
loss function = weighted_MSE 

n_epochs = 666 
train_time = 43.8631 
sigma_train = 0.0630732 
sigma_test = 0.0751108 
delta_sigma_train = 0.000529798 
delta_sigma_test = 0.000635489 
E_train = 0.00678509 
E_test = 0.00968009 
delta_E_train = 0.000112398 
delta_E_test = 0.000165051 
sigma_max_train = 0.392408 
sigma_max_test = 0.426541 
