[Results] 
model_name = 25 
seed = 1234 
n_pairs = 100000 
n_points = 500000 
batch_size = 5000 
function = f1 
psi = 2.0 
phi = -2.0 
k = 1 
n_parameters = 25 
loss function = weighted_MAPE 

n_epochs = 500 
train_time = 3740.03 
sigma_train = 0.334863 
sigma_test = 0.335887 
delta_sigma_train = 0.000458538 
delta_sigma_test = 0.000460108 
E_train = 0.217266 
E_test = 0.218678 
delta_E_train = 0.000458538 
delta_E_test = 0.000460108 
sigma_max_train = 5.09554 
sigma_max_test = 4.94469 
