[Results] 
model_name = 25 
seed = 1234 
n_pairs = 10000 
n_points = 50000 
batch_size = 10000 
function = f0 
psi = 5.0 
k = 1 
n_parameters = 25 
loss function = weighted_MAPE 

n_epochs = 200 
train_time = 127.511 
sigma_train = 0.320584 
sigma_test = 0.322763 
delta_sigma_train = 0.00133704 
delta_sigma_test = 0.00135178 
E_train = 0.192177 
E_test = 0.195538 
delta_E_train = 0.00133704 
delta_E_test = 0.00135178 
sigma_max_train = 3.43167 
sigma_max_test = 3.63536 
