[Results] 
model_name = 25 
seed = 1234 
n_pairs = 100000 
n_points = 500000 
batch_size = 5000 
function = f1 
psi = -1.0 
phi = 1.0 
k = 1 
n_parameters = 25 
loss function = weighted_MAPE 

n_epochs = 500 
train_time = 3920.16 
sigma_train = 0.379174 
sigma_test = 0.379986 
delta_sigma_train = 0.000514099 
delta_sigma_test = 0.000516664 
E_train = 0.275937 
E_test = 0.277829 
delta_E_train = 0.000514099 
delta_E_test = 0.000516664 
sigma_max_train = 4.85159 
sigma_max_test = 5.38348 
