[Results] 
model_name = 3 
seed = 1234 
n_pairs = 10000 
n_points = 50000 
batch_size = 10000 
function = f1 
psi = 3.0 
phi = 0.4 
k = 3 
n_parameters = 1225 
loss function = weighted_MAPE 

n_epochs = 200 
train_time = 425.569 
sigma_train = 0.0642311 
sigma_test = 0.0680389 
delta_sigma_train = 0.000266462 
delta_sigma_test = 0.000271078 
E_train = 0.00767528 
E_test = 0.00830521 
delta_E_train = 6.54827e-05 
delta_E_test = 6.9988e-05 
sigma_max_train = 0.472633 
sigma_max_test = 0.476797 
