[Results] 
model_name = k2 
seed = 1234 
n_pairs = 2000 
n_points = 10000 
batch_size = 10000 
function = f1 
psi = -2.0 
phi = 3.0 
k = 2 
n_parameters = 225 
loss function = weighted_MSE 

n_epochs = 666 
train_time = 15.3307 
sigma_train = 0.107695 
sigma_test = 0.117202 
delta_sigma_train = 0.000857457 
delta_sigma_test = 0.0009268 
E_train = 0.0189505 
E_test = 0.022326 
delta_E_train = 0.000285217 
delta_E_test = 0.000338545 
sigma_max_train = 0.521485 
sigma_max_test = 0.552855 
