[Results] 
model_name = k2 
seed = 1234 
n_pairs = 2000 
n_points = 10000 
batch_size = 10000 
function = f1 
psi = 3.0 
phi = 2.8 
k = 2 
n_parameters = 225 
loss function = weighted_MSE 

n_epochs = 666 
train_time = 16.8692 
sigma_train = 0.113799 
sigma_test = 0.120017 
delta_sigma_train = 0.000882688 
delta_sigma_test = 0.000929482 
E_train = 0.0207417 
E_test = 0.0230434 
delta_E_train = 0.000304118 
delta_E_test = 0.00033956 
sigma_max_train = 0.536619 
sigma_max_test = 0.530528 
