[Results] 
model_name = k4 
seed = 1234 
n_pairs = 2000 
n_points = 10000 
batch_size = 10000 
function = f1 
psi = 3.0 
phi = 2.8 
k = 4 
n_parameters = 4900 
loss function = weighted_MSE 

n_epochs = 666 
train_time = 1537.08 
sigma_train = 0.0125587 
sigma_test = 0.0668939 
delta_sigma_train = 0.000129425 
delta_sigma_test = 0.000835175 
E_train = 0.00032523 
E_test = 0.01145 
delta_E_train = 7.06422e-06 
delta_E_test = 0.000389418 
sigma_max_train = 0.123148 
sigma_max_test = 0.659273 
