[Results] 
model_name = 25 
seed = 1234 
n_pairs = 10000 
n_points = 50000 
batch_size = 10000 
function = f1 
psi = 1.0 
phi = 0.0 
k = 1 
n_parameters = 25 
loss function = weighted_MAPE 

n_epochs = 200 
train_time = 126.664 
sigma_train = 0.36955 
sigma_test = 0.371373 
delta_sigma_train = 0.00159418 
delta_sigma_test = 0.00160986 
E_train = 0.263656 
E_test = 0.267483 
delta_E_train = 0.00342805 
delta_E_test = 0.003505 
sigma_max_train = 4.34897 
sigma_max_test = 4.62397 
