[Results] 
model_name = 25 
seed = 1234 
n_pairs = 10000 
n_points = 50000 
batch_size = 10000 
function = f1 
psi = 2.0 
phi = -2.0 
k = 1 
n_parameters = 25 
loss function = weighted_MAPE 

n_epochs = 50 
train_time = 36.4457 
sigma_train = 0.333672 
sigma_test = 0.335001 
delta_sigma_train = 0.00143137 
delta_sigma_test = 0.00144381 
E_train = 0.213771 
E_test = 0.216463 
delta_E_train = 0.00143137 
delta_E_test = 0.00144381 
sigma_max_train = 5.09228 
sigma_max_test = 4.70721 
