[Results] 
model_name = 25 
seed = 1234 
n_pairs = 10000 
n_points = 50000 
batch_size = 10000 
function = f1 
psi = -2.0 
phi = 1.6 
k = 1 
n_parameters = 25 
loss function = weighted_MAPE 

n_epochs = 200 
train_time = 137.512 
sigma_train = 0.36401 
sigma_test = 0.364411 
delta_sigma_train = 0.00155359 
delta_sigma_test = 0.00155195 
E_train = 0.253169 
E_test = 0.25326 
delta_E_train = 0.00155359 
delta_E_test = 0.00155195 
sigma_max_train = 4.21698 
sigma_max_test = 4.71297 
