[Results] 
model_name = 100_500_100_1_seed235 
seed = 235 
psi = -2.0 
n_pairs = 100000 
n_points = 500000 
batch_size = 10000 
layers = 100_500_100_1 
loss function = weighted_MAPE 

n_epochs = 531 
train_time = 9869.29 
sigma_train = 0.00648025 
sigma_test = 0.00660627 
delta_sigma_train = 7.75724e-06 
delta_sigma_test = 7.91984e-06 
E_train = 7.20846e-05 
E_test = 7.50065e-05 
delta_E_train = 7.75724e-06 
delta_E_test = 7.91984e-06 
E_max_train = 0.00696582 
E_max_test = 0.00655926 
