[Results] 
model_name = 100_500_100_1_seed235 
seed = 235 
psi = -2.0 
n_pairs = 100000 
n_points = 500000 
batch_size = 10000 
layers = 100_500_100_1 
loss function = weighted_MAPE 

n_epochs = 531 
train_time = 9869.29 
sigma_train = 0.0064805 
sigma_test = 0.00660646 
delta_sigma_train = 7.7572e-06 
delta_sigma_test = 7.91971e-06 
E_train = 7.20831e-05 
E_test = 7.50087e-05 
delta_E_train = 7.7572e-06 
delta_E_test = 7.91971e-06 
E_max_train = 0.0575967 
E_max_test = 0.0604276 
