[Results] 
model_name = 2 
seed = 1234 
n_pairs = 10000 
n_points = 50000 
batch_size = 10000 
function = f2 
psi = -1.0 
alpha = 3.0 
k = 2 
n_parameters = 225 
loss function = weighted_MAPE 

n_epochs = 200 
train_time = 177.956 
sigma_train = 0.185991 
sigma_test = 0.18964 
delta_sigma_train = 0.000669803 
delta_sigma_test = 0.000680512 
E_train = 0.0570157 
E_test = 0.0591217 
delta_E_train = 0.000394958 
delta_E_test = 0.000415526 
sigma_max_train = 1.1973 
sigma_max_test = 1.36748 
