[Results] 
model_name = 2 
seed = 1234 
n_pairs = 10000 
n_points = 50000 
batch_size = 10000 
function = f2 
psi = 1.0 
alpha = 0.4 
k = 2 
n_parameters = 225 
loss function = weighted_MAPE 

n_epochs = 200 
train_time = 171.471 
sigma_train = 0.0874467 
sigma_test = 0.0878887 
delta_sigma_train = 0.000306909 
delta_sigma_test = 0.000300904 
E_train = 0.0123569 
E_test = 0.012252 
delta_E_train = 8.55787e-05 
delta_E_test = 7.98921e-05 
sigma_max_train = 0.615331 
sigma_max_test = 0.469949 
