[Results] 
model_name = 3 
seed = 1234 
n_pairs = 10000 
n_points = 50000 
batch_size = 10000 
function = f2 
psi = 1.0 
alpha = 0.4 
k = 3 
n_parameters = 1225 
loss function = weighted_MAPE 

n_epochs = 200 
train_time = 406.154 
sigma_train = 0.0423222 
sigma_test = 0.0435491 
delta_sigma_train = 0.000183554 
delta_sigma_test = 0.00017893 
E_train = 0.0034757 
E_test = 0.00349703 
delta_E_train = 3.96977e-05 
delta_E_test = 3.35127e-05 
sigma_max_train = 0.513864 
sigma_max_test = 0.365046 
