[Results] 
model_name = 100_500_100_1_seed1234 
seed = 1234 
psi = -5.5 
n_pairs = 100000 
n_points = 500000 
batch_size = 10000 
layers = 100_500_100_1 
loss function = weighted_MAPE 

n_epochs = 381 
train_time = 7400.56 
sigma_train = 0.0588544 
sigma_test = 0.0599091 
delta_sigma_train = 0.000105774 
delta_sigma_test = 0.000108981 
E_train = 0.0090577 
E_test = 0.00952795 
delta_E_train = 0.000105774 
delta_E_test = 0.000108981 
E_max_train = 0.795851 
E_max_test = 0.795677 
