[Results] 
model_name = k3 
seed = 1234 
n_pairs = 2000 
n_points = 10000 
batch_size = 10000 
function = f1 
psi = 3.0 
phi = 0.0 
k = 3 
n_parameters = 1225 
loss function = weighted_MSE 

n_epochs = 666 
train_time = 23.1646 
sigma_train = 0.0612859 
sigma_test = 0.072538 
delta_sigma_train = 0.000519388 
delta_sigma_test = 0.000627019 
E_train = 0.0064536 
E_test = 0.0091933 
delta_E_train = 0.000108795 
delta_E_test = 0.000161097 
sigma_max_train = 0.355234 
sigma_max_test = 0.43035 
