[Results] 
model_name = 50_50_1 
seed = 1234 
n_pairs = 1000 
n_points = 5000 
batch_size = 5000 
function = f0 
psi = -1.0 
k = 4 
n_parameters = 3800 
loss function = weighted_MAPE 

n_epochs = 2 
train_time = 7.59827 
sigma_train = 0.0219572 
sigma_test = 0.0227852 
delta_sigma_train = 0.000299965 
delta_sigma_test = 0.000295372 
E_train = 0.000932016 
E_test = 0.00095539 
delta_E_train = 0.000299965 
delta_E_test = 0.000295372 
sigma_max_train = 0.178384 
sigma_max_test = 0.204793 
