[Results] 
model_name = 70_70_70_1 
seed = 1234 
n_pairs = 1000 
n_points = 5000 
batch_size = 5000 
function = f0 
psi = -1.0 
k = 8 
n_parameters = 11620 
loss function = weighted_MAPE 

n_epochs = 2 
train_time = 9.69783 
sigma_train = 0.0216893 
sigma_test = 0.0227627 
delta_sigma_train = 0.000303581 
delta_sigma_test = 0.000305241 
E_train = 0.000931232 
E_test = 0.000983999 
delta_E_train = 0.000303581 
delta_E_test = 0.000305241 
sigma_max_train = 0.164198 
sigma_max_test = 0.148693 
