[Results] 
model_name = 25 
seed = 1234 
n_pairs = 10000 
n_points = 50000 
batch_size = 10000 
function = f0 
psi = 2.8 
k = 1 
n_parameters = 25 
loss function = weighted_MAPE 

n_epochs = 200 
train_time = 129.235 
sigma_train = 0.35691 
sigma_test = 0.358987 
delta_sigma_train = 0.00152724 
delta_sigma_test = 0.00154311 
E_train = 0.244019 
E_test = 0.247928 
delta_E_train = 0.00152724 
delta_E_test = 0.00154311 
sigma_max_train = 4.01038 
sigma_max_test = 4.30035 
