[Results] 
model_name = 100_500_100_1_seed1729 
seed = 1729 
psi = -0.5 
phi = 2.0 
n_pairs = 100000 
n_points = 500000 
batch_size = 10000 
layers = 100_500_100_1 
loss function = weighted_MAPE 

n_epochs = 61 
train_time = 1181.73 
sigma_train = 0.0207234 
sigma_test = 0.0208172 
delta_sigma_train = 2.77609e-05 
delta_sigma_test = 2.77163e-05 
E_train = 0.000814754 
E_test = 0.000817567 
delta_E_train = 2.77609e-05 
delta_E_test = 2.77163e-05 
E_max_train = 0.1767 
E_max_test = 0.174722 
