[Results] 
model_name = k3 
seed = 1234 
n_pairs = 2000 
n_points = 10000 
batch_size = 10000 
function = f1 
psi = 1.0 
phi = 3.0 
k = 3 
n_parameters = 1225 
loss function = weighted_MSE 

n_epochs = 666 
train_time = 373.704 
sigma_train = 0.0331407 
sigma_test = 0.0512746 
delta_sigma_train = 0.000287432 
delta_sigma_test = 0.000470476 
E_train = 0.00192448 
E_test = 0.00484256 
delta_E_train = 4.01402e-05 
delta_E_test = 9.89704e-05 
sigma_max_train = 0.337093 
sigma_max_test = 0.352379 
