[Results] 
model_name = k4 
seed = 1234 
n_pairs = 2000 
n_points = 10000 
batch_size = 10000 
function = f1 
psi = 1.0 
phi = 3.0 
k = 4 
n_parameters = 4900 
loss function = weighted_MSE 

n_epochs = 666 
train_time = 1523.1 
sigma_train = 0.00757872 
sigma_test = 0.0400819 
delta_sigma_train = 8.894e-05 
delta_sigma_test = 0.000441042 
E_train = 0.00013654 
E_test = 0.00355173 
delta_E_train = 3.62792e-06 
delta_E_test = 0.000103339 
sigma_max_train = 0.0969095 
sigma_max_test = 0.411506 
