[Results] 
model_name = 2 
seed = 1234 
n_pairs = 10000 
n_points = 50000 
batch_size = 10000 
function = f1 
psi = -3.0 
phi = 0.0 
k = 2 
n_parameters = 225 
loss function = weighted_MAPE 

n_epochs = 200 
train_time = 174.947 
sigma_train = 0.0810937 
sigma_test = 0.0827682 
delta_sigma_train = 0.000336555 
delta_sigma_test = 0.000340059 
E_train = 0.0122403 
E_test = 0.0126329 
delta_E_train = 0.000108384 
delta_E_test = 0.000109286 
sigma_max_train = 0.510136 
sigma_max_test = 0.500937 
