[Results] 
model_name = 25 
seed = 1234 
n_pairs = 10000 
n_points = 50000 
batch_size = 10000 
function = f1 
psi = 0.0 
phi = 0.0 
k = 1 
n_parameters = 25 
loss function = weighted_MAPE 

n_epochs = 200 
train_time = 131.533 
sigma_train = 0.371187 
sigma_test = 0.372993 
delta_sigma_train = 0.00160347 
delta_sigma_test = 0.00161944 
E_train = 0.266329 
E_test = 0.270292 
delta_E_train = 0.00348496 
delta_E_test = 0.00356243 
sigma_max_train = 4.39451 
sigma_max_test = 4.65273 
