[Results] 
model_name = 50_50_1 
seed = 1234 
n_pairs = 100000 
n_points = 500000 
batch_size = 5000 
function = f0 
psi = -2.0 
k = 4 
n_parameters = 3800 
loss function = weighted_MAPE 

n_epochs = 150 
train_time = 2098.78 
sigma_train = 0.0246496 
sigma_test = 0.0249886 
delta_sigma_train = 3.2892e-05 
delta_sigma_test = 3.31449e-05 
E_train = 0.00114856 
E_test = 0.00117365 
delta_E_train = 3.60245e-06 
delta_E_test = 3.65727e-06 
sigma_max_train = 0.309123 
sigma_max_test = 0.328462 
