[Results] 
model_name = 100_500_100_1_seed320 
seed = 320 
psi = -5.5 
n_pairs = 100000 
n_points = 500000 
batch_size = 10000 
layers = 100_500_100_1 
loss function = weighted_MAPE 

n_epochs = 51 
train_time = 600.75 
sigma_train = 0.0580805 
sigma_test = 0.0590709 
delta_sigma_train = 0.000101867 
delta_sigma_test = 0.000105179 
E_train = 0.00856097 
E_test = 0.00902106 
delta_E_train = 0.000101867 
delta_E_test = 0.000105179 
E_max_train = 0.785726 
E_max_test = 0.785236 
