[Results] 
model_name = 100_500_100_1_seed472 
seed = 472 
psi = -0.01 
n_pairs = 100000 
n_points = 500000 
batch_size = 10000 
layers = 100_500_100_1 
loss function = weighted_MAPE 

n_epochs = 381 
train_time = 11017.7 
sigma_train = 0.00304905 
sigma_test = 0.00306088 
delta_sigma_train = 3.59175e-06 
delta_sigma_test = 3.61533e-06 
E_train = 1.57466e-05 
E_test = 1.59047e-05 
delta_E_train = 3.59175e-06 
delta_E_test = 3.61533e-06 
E_max_train = 0.00189901 
E_max_test = 0.00186671 
