[Results] 
model_name = 50_100_100 
seed = 1234 
psi = 0.5 
n_pairs = 100000 
n_points = 500000 
batch_size = 1000 
layers = 50_100_100 

n_epochs = 41 
train_time = 1113.464275 
sigma_train = 0.009568 
sigma_test = 0.009612 
delta_sigma_train = 0.000012 
delta_sigma_test = 0.000012 
