[Results] 
model_name = 25 
seed = 1234 
n_pairs = 10000 
n_points = 50000 
batch_size = 10000 
function = f1 
psi = 1.0 
phi = 1.0 
k = 1 
n_parameters = 25 
loss function = weighted_MAPE 

n_epochs = 50 
train_time = 37.4107 
sigma_train = 0.411689 
sigma_test = 0.411818 
delta_sigma_train = 0.00180774 
delta_sigma_test = 0.00180432 
E_train = 0.332903 
E_test = 0.332375 
delta_E_train = 0.00180774 
delta_E_test = 0.00180432 
sigma_max_train = 7.35264 
sigma_max_test = 8.07177 
