[Results] 
model_name = 100_500_100_1_seed1234 
seed = 1234 
psi = -1.0 
n_pairs = 100000 
n_points = 500000 
batch_size = 10000 
layers = 100_500_100_1 
loss function = weighted_MAPE 

n_epochs = 301 
train_time = 5566.39 
sigma_train = 0.0159434 
sigma_test = 0.0161433 
delta_sigma_train = 2.21659e-05 
delta_sigma_test = 2.24245e-05 
E_train = 0.000499853 
E_test = 0.000512029 
delta_E_train = 2.21659e-05 
delta_E_test = 2.24245e-05 
E_max_train = 0.0263251 
E_max_test = 0.0267258 
