[Results] 
model_name = 100_500_100_1_seed1234 
seed = 1234 
psi = -1.0 
n_pairs = 100000 
n_points = 500000 
batch_size = 10000 
layers = 100_500_100_1 
loss function = weighted_MAPE 

n_epochs = 301 
train_time = 5566.39 
sigma_train = 0.0159436 
sigma_test = 0.0161436 
delta_sigma_train = 2.21648e-05 
delta_sigma_test = 2.24249e-05 
E_train = 0.000499839 
E_test = 0.000512046 
delta_E_train = 2.21648e-05 
delta_E_test = 2.24249e-05 
E_max_train = 0.223764 
E_max_test = 0.19951 
