[Results] 
model_name = 100_500_100_1_seed1234 
seed = 1234 
psi = -4.5 
n_pairs = 100000 
n_points = 500000 
batch_size = 10000 
layers = 100_500_100_1 
loss function = weighted_MAPE 

n_epochs = 21 
train_time = 457.6 
sigma_train = 1.99728 
sigma_test = 1.99765 
delta_sigma_train = 0.135464 
delta_sigma_test = 0.127639 
E_train = 9064.08 
E_test = 7776.62 
delta_E_train = 0.135464 
delta_E_test = 0.127639 
E_max_train = 32811.4 
E_max_test = 19293.5 
