[Results] 
model_name = 100_500_100_1_seed1234 
seed = 1234 
psi = -4.5 
n_pairs = 100000 
n_points = 500000 
batch_size = 10000 
layers = 100_500_100_1 
loss function = weighted_MAPE 

n_epochs = 21 
train_time = 457.6 
sigma_train = 1.99693 
sigma_test = 1.99752 
delta_sigma_train = 0.13112 
delta_sigma_test = 0.133683 
E_train = 8238.21 
E_test = 8416.63 
delta_E_train = 0.13112 
delta_E_test = 0.133683 
E_max_train = 719.317 
E_max_test = 712.241 
