[Results] 
model_name = k2 
seed = 1234 
n_pairs = 2000 
n_points = 10000 
batch_size = 10000 
function = f2 
psi = -1.0 
alpha = 1.2 
k = 2 
n_parameters = 225 
loss function = weighted_MSE 

n_epochs = 666 
train_time = 9.77139 
sigma_train = 0.160177 
sigma_test = 0.164469 
delta_sigma_train = 0.00127694 
delta_sigma_test = 0.00130872 
E_train = 0.0419626 
E_test = 0.0441775 
delta_E_train = 0.000639218 
delta_E_test = 0.000681665 
sigma_max_train = 0.825565 
sigma_max_test = 0.884938 
