[Results] 
model_name = k3 
seed = 1234 
n_pairs = 2000 
n_points = 10000 
batch_size = 10000 
function = f2 
psi = -1.0 
alpha = 1.2 
k = 3 
n_parameters = 1225 
loss function = weighted_MSE 

n_epochs = 666 
train_time = 41.8188 
sigma_train = 0.071408 
sigma_test = 0.0866529 
delta_sigma_train = 0.000597371 
delta_sigma_test = 0.00077503 
E_train = 0.00866762 
E_test = 0.0135154 
delta_E_train = 0.000156526 
delta_E_test = 0.000278936 
sigma_max_train = 0.464302 
sigma_max_test = 0.621424 
