[Results] 
model_name = k2 
seed = 1234 
n_pairs = 2000 
n_points = 10000 
batch_size = 10000 
function = f1 
psi = 2.0 
phi = 2.4 
k = 2 
n_parameters = 225 
loss function = weighted_MSE 

n_epochs = 666 
train_time = 35.8188 
sigma_train = 0.0887537 
sigma_test = 0.102787 
delta_sigma_train = 0.000676798 
delta_sigma_test = 0.000801869 
E_train = 0.0124578 
E_test = 0.0169952 
delta_E_train = 0.00017688 
delta_E_test = 0.000251225 
sigma_max_train = 0.427763 
sigma_max_test = 0.438468 
