[Results] 
model_name = k3 
seed = 1234 
n_pairs = 2000 
n_points = 10000 
batch_size = 10000 
function = f1 
psi = 2.0 
phi = 2.4 
k = 3 
n_parameters = 1225 
loss function = weighted_MSE 

n_epochs = 666 
train_time = 10.8094 
sigma_train = 0.232964 
sigma_test = 0.237717 
delta_sigma_train = 0.00149891 
delta_sigma_test = 0.00150098 
E_train = 0.0767396 
E_test = 0.0790387 
delta_E_train = 0.000839687 
delta_E_test = 0.0008474 
sigma_max_train = 0.722035 
sigma_max_test = 0.770016 
