[Results] 
model_name = k4 
seed = 1234 
n_pairs = 2000 
n_points = 10000 
batch_size = 10000 
function = f1 
psi = 2.0 
phi = 2.4 
k = 4 
n_parameters = 4900 
loss function = weighted_MSE 

n_epochs = 666 
train_time = 1501.15 
sigma_train = 0.0246235 
sigma_test = 0.201151 
delta_sigma_train = 0.000257356 
delta_sigma_test = 0.00197829 
E_train = 0.00126864 
E_test = 0.0795981 
delta_E_train = 2.85845e-05 
delta_E_test = 0.0017297 
sigma_max_train = 0.223622 
sigma_max_test = 1.00788 
