[Results] 
model_name = 25 
seed = 1234 
n_pairs = 100000 
n_points = 500000 
batch_size = 5000 
function = f0 
psi = -2.0 
k = 1 
n_parameters = 25 
loss function = weighted_MAPE 

n_epochs = 2 
train_time = 19.1532 
sigma_train = 0.365502 
sigma_test = 0.366512 
delta_sigma_train = 0.00049793 
delta_sigma_test = 0.000500301 
E_train = 0.257554 
E_test = 0.259473 
delta_E_train = 0.00049793 
delta_E_test = 0.000500301 
sigma_max_train = 4.42702 
sigma_max_test = 4.48444 
