[Results] 
model_name = 25 
seed = 1234 
n_pairs = 10000 
n_points = 50000 
batch_size = 10000 
function = f2 
psi = -1.0 
alpha = 2.4 
k = 1 
n_parameters = 25 
loss function = weighted_MAPE 

n_epochs = 200 
train_time = 189.96 
sigma_train = 0.376312 
sigma_test = 0.377762 
delta_sigma_train = 0.00136523 
delta_sigma_test = 0.00138108 
E_train = 0.234784 
E_test = 0.238093 
delta_E_train = 0.00201598 
delta_E_test = 0.00208442 
sigma_max_train = 3.52269 
sigma_max_test = 3.5443 
