[Results] 
model_name = 25 
seed = 1234 
n_pairs = 10000 
n_points = 50000 
batch_size = 10000 
function = f1 
psi = 3.0 
phi = 3.0 
k = 1 
n_parameters = 25 
loss function = weighted_MAPE 

n_epochs = 200 
train_time = 191.173 
sigma_train = 0.321393 
sigma_test = 0.319967 
delta_sigma_train = 0.00131424 
delta_sigma_test = 0.00131236 
E_train = 0.18963 
E_test = 0.188463 
delta_E_train = 0.00226013 
delta_E_test = 0.00227376 
sigma_max_train = 5.50187 
sigma_max_test = 5.88417 
