phi= 1.61803398874989
psi= 7.5
k= 1
n_points= 10000
seed= 17
rate= 1.0 n_epochs= 1000000
train= 0.26489305
test= 0.2692603
delta_sigma_train= 0.001079106222979808
delta_sigma_test= 0.0011062904512154162
