phi= 1.61803398874989
psi= 0.5
k= 1
n_points= 10000
seed= 17
rate= 1.0 n_epochs= 1000000
train= 0.37093014
test= 0.37514022
delta_sigma_train= 0.001602752801471714
delta_sigma_test= 0.0016437072864393016
