phi= 1.61803398874989
psi= 0.0
k= 1
n_points= 10000
seed= 17
rate= 1.0 n_epochs= 1000000
train= 0.3714235
test= 0.3755849
delta_sigma_train= 0.0016051205445414857
delta_sigma_test= 0.0016461593288978906
