phi= 1.61803398874989
psi= 5.0
k= 2
n_points= 10000
seed= 17
rate= 1.0 n_epochs= 1000000
train= 0.10983427
test= 0.10734037
delta_sigma_train= 0.0005265433807467655
delta_sigma_test= 0.00048026675343370835
