phi= 1.61803398874989
psi= 2.5
k= 2
n_points= 10000
seed= 17
rate= 1.0 n_epochs= 1000000
train= 0.07648827
test= 0.077251785
delta_sigma_train= 0.0002971309794290511
delta_sigma_test= 0.00029553951237114447
