phi= 1.61803398874989
psi= 1.0
k= 2
n_points= 10000
seed= 17
rate= 1.0 n_epochs= 1000000
train= 0.05875283
test= 0.059288
delta_sigma_train= 0.0001995722915407929
delta_sigma_test= 0.00020061689275406998
