phi= 1.61803398874989
psi= 7.5
k= 2
n_points= 10000
seed= 17
rate= 1.0 n_epochs= 1000000
train= 0.09908843
test= 0.10000404
delta_sigma_train= 0.000396149221181447
delta_sigma_test= 0.00039585268031908094
