phi= 1.61803398874989
psi= 0.0
k= 3
n_points= 10000
seed= 17
rate= 1.0 n_epochs= 1000000
train= 0.027547592
test= 0.029067483
delta_sigma_train= 0.00012198319187277067
delta_sigma_test= 0.000125169554283346
