phi= 1.61803398874989
psi= 10.0
k= 3
n_points= 10000
seed= 17
rate= 1.0 n_epochs= 1000000
train= 0.07501049
test= 0.07780301
delta_sigma_train= 0.00030792605319425665
delta_sigma_test= 0.0003108452856682273
