phi= 1.61803398874989
psi= 7.5
k= 3
n_points= 10000
seed= 17
rate= 1.0 n_epochs= 1000000
train= 0.08650476
test= 0.08955128
delta_sigma_train= 0.0003805999238933679
delta_sigma_test= 0.00038010450283388323
