phi= 1.61803398874989
psi= 0.5
k= 3
n_points= 10000
seed= 17
rate= 1.0 n_epochs= 1000000
train= 0.02966877
test= 0.031237539
delta_sigma_train= 0.00012741749911948422
delta_sigma_test= 0.00013009614382914034
