phi= 1.61803398874989
psi= 1.0
k= 4
n_points= 10000
seed= 17
rate= 1.0 n_epochs= 1000000
train= 0.0072829383
test= 0.008730102
delta_sigma_train= 3.852957922136417e-05
delta_sigma_test= 4.067096697279692e-05
