phi= 1.61803398874989
psi= 0.5
k= 4
n_points= 10000
seed= 17
rate= 1.0 n_epochs= 1000000
train= 0.0066746664
test= 0.0079833185
delta_sigma_train= 3.8695227445967775e-05
delta_sigma_test= 4.088749057729724e-05
