phi= 1.61803398874989
psi= 10.0
k= 4
n_points= 10000
seed= 17
rate= 1.0 n_epochs= 1000000
train= 0.009657055
test= 0.011153378
delta_sigma_train= 5.4246545654112716e-05
delta_sigma_test= 5.623045184703943e-05
