phi= 1.61803398874989
psi= 5.0
k= 4
n_points= 10000
seed= 17
rate= 1.0 n_epochs= 1000000
train= 0.032887917
test= 0.0348543
delta_sigma_train= 0.00030832676565042396
delta_sigma_test= 0.00025389436547268825
