phi= 1.61803398874989
psi= 7.5
k= 4
n_points= 10000
seed= 17
rate= 1.0 n_epochs= 1000000
train= 0.017562363
test= 0.02005678
delta_sigma_train= 0.00012092381905766149
delta_sigma_test= 0.00012297659145822846
