[Results] 
model_name = 100_200_500_seed320 
seed = 320 
psi = -4.5 
n_pairs = 100000 
n_points = 500000 
batch_size = 10000 
layers = 100_200_500 

n_epochs = 81 
train_time = 982.970227 
sigma_train = 0.019808 
sigma_test = 0.020951 
delta_sigma_train = 0.000044 
delta_sigma_test = 0.000046 
