[Results] 
model_name = k2 
seed = 1234 
n_pairs = 2000 
n_points = 10000 
batch_size = 10000 
function = f2 
psi = -1.0 
alpha = 2.8 
k = 2 
n_parameters = 225 
loss function = weighted_MSE 

n_epochs = 666 
train_time = 10.4041 
sigma_train = 0.184172 
sigma_test = 0.192361 
delta_sigma_train = 0.00141511 
delta_sigma_test = 0.00153028 
E_train = 0.0539445 
E_test = 0.0604203 
delta_E_train = 0.000765508 
delta_E_test = 0.000928843 
sigma_max_train = 0.904976 
sigma_max_test = 1.06517 
