[Results] 
model_name = k3 
seed = 1234 
n_pairs = 2000 
n_points = 10000 
batch_size = 10000 
function = f2 
psi = -1.0 
alpha = 2.8 
k = 3 
n_parameters = 1225 
loss function = weighted_MSE 

n_epochs = 666 
train_time = 54.8313 
sigma_train = 0.0791392 
sigma_test = 0.0995949 
delta_sigma_train = 0.000634914 
delta_sigma_test = 0.000890696 
E_train = 0.0102942 
E_test = 0.0178525 
delta_E_train = 0.00016256 
delta_E_test = 0.000366604 
sigma_max_train = 0.433082 
sigma_max_test = 0.709165 
