[Results] 
model_name = k4 
seed = 1234 
n_pairs = 2000 
n_points = 10000 
batch_size = 10000 
function = f2 
psi = -1.0 
alpha = 2.8 
k = 4 
n_parameters = 4900 
loss function = weighted_MSE 

n_epochs = 666 
train_time = 1122.1 
sigma_train = 0.0179589 
sigma_test = 0.0522598 
delta_sigma_train = 0.000149449 
delta_sigma_test = 0.00052311 
E_train = 0.000545873 
E_test = 0.00546752 
delta_E_train = 9.6242e-06 
delta_E_test = 0.000143378 
sigma_max_train = 0.151461 
sigma_max_test = 0.498009 
