[Results] 
model_name = 100_500_100_1_seed320 
seed = 320 
psi = -8.0 
n_pairs = 100000 
n_points = 500000 
batch_size = 10000 
layers = 100_500_100_1 
loss function = weighted_MAPE 

n_epochs = 431 
train_time = 12691 
sigma_train = 0.00678559 
sigma_test = 0.0070666 
delta_sigma_train = 8.68792e-06 
delta_sigma_test = 9.25017e-06 
E_train = 8.37829e-05 
E_test = 9.27124e-05 
delta_E_train = 8.68792e-06 
delta_E_test = 9.25017e-06 
E_max_train = 0.00972921 
E_max_test = 0.0107531 
