[Results] 
model_name = 25 
seed = 1234 
n_pairs = 10000 
n_points = 50000 
batch_size = 10000 
function = f1 
psi = 0.0 
phi = 2.0 
k = 1 
n_parameters = 25 
loss function = weighted_MAPE 

n_epochs = 50 
train_time = 35.1326 
sigma_train = 0.594899 
sigma_test = 0.592485 
delta_sigma_train = 0.0032813 
delta_sigma_test = 0.00325347 
E_train = 0.892522 
E_test = 0.880448 
delta_E_train = 0.0032813 
delta_E_test = 0.00325347 
sigma_max_train = 29.1443 
sigma_max_test = 32.6941 
