[Results] 
model_name = k2 
seed = 1234 
n_pairs = 2000 
n_points = 10000 
batch_size = 10000 
function = f2 
psi = 3.0 
alpha = 2.8 
k = 2 
n_parameters = 225 
loss function = weighted_MSE 

n_epochs = 666 
train_time = 9.22445 
sigma_train = 0.18894 
sigma_test = 0.195917 
delta_sigma_train = 0.00147104 
delta_sigma_test = 0.00156495 
E_train = 0.057338 
E_test = 0.0628739 
delta_E_train = 0.000857285 
delta_E_test = 0.000970686 
sigma_max_train = 1.01012 
sigma_max_test = 0.960199 
