[Results] 
model_name = k3 
seed = 1234 
n_pairs = 2000 
n_points = 10000 
batch_size = 10000 
function = f2 
psi = 3.0 
alpha = 2.8 
k = 3 
n_parameters = 1225 
loss function = weighted_MSE 

n_epochs = 666 
train_time = 58.4809 
sigma_train = 0.0826142 
sigma_test = 0.105214 
delta_sigma_train = 0.000665752 
delta_sigma_test = 0.000947797 
E_train = 0.0112574 
E_test = 0.0200531 
delta_E_train = 0.000183606 
delta_E_test = 0.000404158 
sigma_max_train = 0.445866 
sigma_max_test = 0.777109 
