[Results] 
model_name = 2 
seed = 1234 
n_pairs = 10000 
n_points = 50000 
batch_size = 10000 
function = f1 
psi = -1.0 
phi = 2.0 
k = 2 
n_parameters = 225 
loss function = weighted_MAPE 

n_epochs = 200 
train_time = 178.634 
sigma_train = 0.11797 
sigma_test = 0.119262 
delta_sigma_train = 0.000648992 
delta_sigma_test = 0.000653349 
E_train = 0.0349788 
E_test = 0.0355537 
delta_E_train = 0.000835887 
delta_E_test = 0.000842156 
sigma_max_train = 2.56991 
sigma_max_test = 2.56067 
