[Results] 
model_name = 100_500_100_1_seed235 
seed = 235 
psi = -5.5 
n_pairs = 100000 
n_points = 500000 
batch_size = 10000 
layers = 100_500_100_1 
loss function = weighted_MAPE 

n_epochs = 31 
train_time = 613.928 
sigma_train = 1.99774 
sigma_test = 1.99798 
delta_sigma_train = 0.126567 
delta_sigma_test = 0.134634 
E_train = 8649.86 
E_test = 9730.74 
delta_E_train = 0.126567 
delta_E_test = 0.134634 
E_max_train = 773.743 
E_max_test = 720.282 
