[Results] 
model_name = 100_500_100_1_seed235 
seed = 235 
psi = -5.5 
n_pairs = 100000 
n_points = 500000 
batch_size = 10000 
layers = 100_500_100_1 
loss function = weighted_MAPE 

n_epochs = 31 
train_time = 613.928 
sigma_train = 1.99752 
sigma_test = 1.99788 
delta_sigma_train = 0.135952 
delta_sigma_test = 0.135039 
E_train = 8436.84 
E_test = 9061.5 
delta_E_train = 0.135952 
delta_E_test = 0.135039 
E_max_train = 16284.5 
E_max_test = 30103.6 
