[Results] 
model_name = 2 
seed = 1234 
n_pairs = 10000 
n_points = 50000 
batch_size = 10000 
function = f0 
psi = -0.4 
k = 2 
n_parameters = 225 
loss function = weighted_MAPE 

n_epochs = 200 
train_time = 183.27 
sigma_train = 0.053441 
sigma_test = 0.0540656 
delta_sigma_train = 0.000185106 
delta_sigma_test = 0.00018405 
E_train = 0.00456898 
E_test = 0.00461669 
delta_E_train = 3.29121e-05 
delta_E_test = 3.2908e-05 
sigma_max_train = 0.440146 
sigma_max_test = 0.475822 
