[Results] 
model_name = 3 
seed = 1234 
n_pairs = 10000 
n_points = 50000 
batch_size = 10000 
function = f0 
psi = -0.4 
k = 3 
n_parameters = 1225 
loss function = weighted_MAPE 

n_epochs = 200 
train_time = 427.379 
sigma_train = 0.0274921 
sigma_test = 0.0289358 
delta_sigma_train = 0.00012938 
delta_sigma_test = 0.000130586 
E_train = 0.00159273 
E_test = 0.00168979 
delta_E_train = 2.37617e-05 
delta_E_test = 2.43347e-05 
sigma_max_train = 0.380394 
sigma_max_test = 0.387831 
